0.8078340 0.9306663 0.6448613 -1.3053383 0.8405629 0.8313820 -1.3340509 -1.3394865 0.7968557 0.8393337 0.8400930 -1.1204778 0.6974521 0.7373376 0.7515791 -1.2979833 -1.1977646 -1.3118340 0.7602284 -1.3154159 -1.3218056 0.2212964 0.7759885 0.7602476 0.7043870 0.7084811 0.7231773 0.7553486 0.7242560 0.7233027 0.7202733 0.1920607 0.7930709 -1.3342725 -1.3050280 0.1629497 -1.3248849 0.6772956 -1.1947709 0.7264943 -1.2233346 0.2022778 0.7333652 0.8241261 0.7571341 -1.2599742 -1.1725245 -1.1659092 0.2149164 0.1417415 -0.2972750 0.8128712 0.8134061 -1.3344731 0.7301353 0.8184444 -0.7630049 -0.7387602 0.8261400 -1.3351283 -1.3003695 -0.1359834 0.8473322 0.8096005 0.7203118 0.7363426 0.3183520 0.8443666 -1.3205556 0.8562617 -0.9944652 -1.1620597 0.7782728
0.9306663 0.8580423 0.6599885 -1.3330026 0.8605565 0.8504949 -1.3613517 -1.3669699 0.8149961 0.8590032 0.8618383 -1.1414621 0.7130178 0.7527029 0.7675709 -1.3228488 -1.2193919 -1.3370619 0.7772109 -1.3407958 -1.3474464 0.2261837 0.7932041 0.7769452 0.7211368 0.7251202 0.7385224 0.7719676 0.7389634 0.7393443 0.7369123 0.1938821 0.8104118 -1.3600380 -1.3306272 0.1639756 -1.3505374 0.6924613 -1.2161819 0.7426875 -1.2453290 0.2044309 0.7490700 0.8441891 0.7740230 -1.2840955 -1.1954643 -1.1867357 0.2172290 0.1475338 -0.3051265 0.8279020 0.8312769 -1.3616356 0.7444422 0.8374887 -0.7778674 -0.7531253 0.8449532 -1.3625102 -1.3269315 -0.1357282 0.8598428 0.8273954 0.7362489 0.7513719 0.3269799 0.8574446 -1.3479353 0.8742356 -1.0148548 -1.1883363 0.7941726
0.6448613 0.6599885 0.7658747 -1.0103217 0.6653161 0.6589010 -1.0313238 -1.0349554 0.6318877 0.6642981 0.6630344 -0.8660770 0.5339524 0.5642706 0.5771648 -1.0118258 -0.9563218 -1.0271127 0.5837113 -1.0254489 -1.0311695 0.1482261 0.5978402 0.5829627 0.5355532 0.5393258 0.5526512 0.5778760 0.5532934 0.5528002 0.5493668 0.1179488 0.6261696 -1.0407819 -1.0198591 0.0924844 -1.0327001 0.5205584 -0.9531543 0.5553200 -0.9748298 0.1296302 0.5600239 0.6461021 0.5823743 -0.9850308 -0.9193670 -0.9299193 0.1392940 0.1659154 -0.2200289 0.6389433 0.6432494 -1.0311122 0.5805598 0.6499490 -0.6060678 -0.5868375 0.6552590 -1.0315527 -0.9988720 -0.1027472 0.6676076 0.6420263 0.5524590 0.5654783 0.2742006 0.6474974 -1.0179251 0.6460897 -0.7666651 -0.8986827 0.6000702
-1.3053383 -1.3330026 -1.0103217 2.0874121 -1.3661591 -1.3538743 2.5009518 2.5134938 -1.3017873 -1.3654109 -1.3632522 2.1102142 -1.3041478 -1.3463560 -1.3505574 2.2892468 1.7773815 2.2615547 -1.3665462 2.3211424 2.3447301 -0.4513167 -1.3564341 -1.3774385 -1.3573964 -1.3535166 -1.3525395 -1.3744408 -1.3510950 -1.3536929 -1.3576857 -0.6527943 -1.3435841 2.3666523 2.2825952 -0.6325895 2.3665650 -1.2595518 1.7559117 -1.3451235 1.8356460 -0.6368685 -1.3543762 -1.3970660 -1.3732556 2.1746728 1.9756728 1.7312294 -0.6467500 -0.1621909 0.6433151 -1.3177283 -1.3234931 2.4988029 -1.1783451 -1.3208303 1.1356848 1.1018509 -1.3416824 2.5141521 2.4501483 0.3475763 -1.3582324 -1.3178084 -1.3197629 -1.3231345 -0.4511168 -1.3251411 2.4843087 -1.3055356 1.8770006 2.1903007 -1.2203057
0.8405629 0.8605565 0.6653161 -1.3661591 0.9685822 0.8901904 -1.3945075 -1.4004002 0.8567780 0.9219785 0.8999833 -1.1702590 0.7319364 0.7695922 0.7845581 -1.3537883 -1.2438246 -1.3677486 0.7938823 -1.3721716 -1.3792254 0.2385944 0.8092803 0.7945586 0.7400019 0.7440909 0.7594081 0.7915231 0.7594199 0.7586092 0.7560506 0.2048278 0.8516350 -1.3919592 -1.3613938 0.1746521 -1.3824234 0.7076845 -1.2400280 0.7612578 -1.2708596 0.2149144 0.7666535 0.8852879 0.7926655 -1.3133576 -1.2222085 -1.2104063 0.2282145 0.1538129 -0.3057614 0.8583924 0.8617189 -1.3949569 0.7739128 0.8680587 -0.7929918 -0.7681157 0.8889661 -1.3961079 -1.3602443 -0.1328832 0.9001220 0.8619189 0.7524080 0.7663862 0.3214532 0.8545972 -1.3812673 0.8365921 -1.0433195 -1.2206171 0.7884758
0.8313820 0.8504949 0.6589010 -1.3538743 0.8901904 0.9638966 -1.3816181 -1.3875507 0.8523234 0.8910617 0.9004937 -1.1581242 0.7260735 0.7626365 0.7769836 -1.3418933 -1.2328292 -1.3556055 0.7874670 -1.3599141 -1.3669016 0.2379855 0.8027884 0.7895087 0.7347931 0.7383332 0.7510515 0.7840071 0.7526342 0.7525339 0.7503790 0.2050650 0.8398626 -1.3797443 -1.3491459 0.1754008 -1.3700216 0.7012724 -1.2288411 0.7554796 -1.2592058 0.2144199 0.7584952 0.8803573 0.7867736 -1.3015747 -1.2106973 -1.1995587 0.2278836 0.1503137 -0.3033304 0.8468456 0.8503575 -1.3820940 0.7653731 0.8570850 -0.7842134 -0.7597010 0.8756942 -1.3833333 -1.3476447 -0.1347522 0.8830144 0.8495492 0.7488699 0.7653245 0.3186301 0.8455836 -1.3685842 0.8265866 -1.0337747 -1.2095933 0.7826201
-1.3340509 -1.3613517 -1.0313238 2.5009518 -1.3945075 -1.3816181 2.3598933 2.5794508 -1.3288057 -1.3931801 -1.3911220 2.1711047 -1.3301424 -1.3730274 -1.3775421 2.3385508 1.8157394 2.3097980 -1.3939224 2.3702416 2.3957016 -0.4596795 -1.3836416 -1.4046324 -1.3838544 -1.3799731 -1.3790833 -1.4016883 -1.3776203 -1.3802042 -1.3842914 -0.6679546 -1.3708823 2.4179246 2.3324380 -0.6476026 2.4191151 -1.2846618 1.7946178 -1.3718323 1.8749627 -0.6516297 -1.3810072 -1.4251347 -1.4004010 2.2239566 2.0185435 1.7683231 -0.6620188 -0.1653733 0.6579785 -1.3450282 -1.3508686 2.5567942 -1.2025613 -1.3481609 1.1532834 1.1187521 -1.3694881 2.5676410 2.5038953 0.3538654 -1.3861686 -1.3449997 -1.3458806 -1.3491991 -0.4611458 -1.3527461 2.5375717 -1.3328096 1.9155214 2.2339129 -1.2459831
-1.3394865 -1.3669699 -1.0349554 2.5134938 -1.4004002 -1.3875507 2.5794508 2.3898633 -1.3344446 -1.3990781 -1.3969818 2.1760190 -1.3353168 -1.3781707 -1.3827612 2.3493361 1.8211662 2.3213725 -1.3989607 2.3822000 2.4074790 -0.4614659 -1.3888390 -1.4098674 -1.3889734 -1.3851868 -1.3842504 -1.4070883 -1.3829564 -1.3853444 -1.3893278 -0.6717174 -1.3764759 2.4299886 2.3428922 -0.6516587 2.4305148 -1.2892745 1.7993516 -1.3770614 1.8812191 -0.6557242 -1.3860369 -1.4307808 -1.4057126 2.2329059 2.0261695 1.7743039 -0.6654337 -0.1654390 0.6614338 -1.3506129 -1.3564130 2.5702159 -1.2079101 -1.3538396 1.1552950 1.1207016 -1.3750520 2.5811775 2.5181167 0.3566294 -1.3919111 -1.3503312 -1.3511385 -1.3545960 -0.4622982 -1.3584131 2.5512261 -1.3384112 1.9244592 2.2456832 -1.2511364
0.7968557 0.8149961 0.6318877 -1.3017873 0.8567780 0.8523234 -1.3288057 -1.3344446 0.9682800 0.8591325 0.8860000 -1.1083642 0.6950388 0.7313883 0.7463317 -1.2918065 -1.1888473 -1.3054996 0.7559211 -1.3094084 -1.3163273 0.2273383 0.7709348 0.7546745 0.7010954 0.7056836 0.7194378 0.7507552 0.7208050 0.7197418 0.7176038 0.1941200 0.8028440 -1.3287343 -1.2990639 0.1652857 -1.3188128 0.6707973 -1.1851994 0.7228011 -1.2145729 0.2037199 0.7265639 0.8447772 0.7534936 -1.2530670 -1.1649667 -1.1565828 0.2161528 0.1460430 -0.2915420 0.8132597 0.8160262 -1.3293741 0.7339290 0.8212444 -0.7533357 -0.7295383 0.8378499 -1.3302079 -1.2962279 -0.1295254 0.8452951 0.8146260 0.7167508 0.7312387 0.3086918 0.8128248 -1.3161926 0.7949869 -0.9929705 -1.1613096 0.7478597
0.8393337 0.8590032 0.6642981 -1.3654109 0.9219785 0.8910617 -1.3931801 -1.3990781 0.8591325 1.0711398 0.8993819 -1.1697631 0.7300736 0.7679329 0.7830495 -1.3527336 -1.2425817 -1.3664728 0.7927892 -1.3713552 -1.3781184 0.2381994 0.8070481 0.7928564 0.7386034 0.7421254 0.7560260 0.7891307 0.7569854 0.7562851 0.7540693 0.2041021 0.8511091 -1.3906932 -1.3600510 0.1738832 -1.3812667 0.7057918 -1.2389107 0.7595936 -1.2693700 0.2136984 0.7643343 0.8833640 0.7900211 -1.3120921 -1.2205223 -1.2090558 0.2267372 0.1538032 -0.3051254 0.8583658 0.8612251 -1.3935586 0.7733418 0.8686088 -0.7905839 -0.7659771 0.8904687 -1.3946275 -1.3588957 -0.1327737 0.9000799 0.8608814 0.7509272 0.7649232 0.3206529 0.8551524 -1.3806647 0.8352818 -1.0420336 -1.2193953 0.7876262
0.8400930 0.8618383 0.6630344 -1.3632522 0.8999833 0.9004937 -1.3911220 -1.3969818 0.8860000 0.8993819 1.0679309 -1.1629899 0.7286454 0.7667112 0.7812755 -1.3510939 -1.2413200 -1.3647541 0.7918386 -1.3693067 -1.3762748 0.2366724 0.8088000 0.7930005 0.7362052 0.7401408 0.7533414 0.7877234 0.7565747 0.7542446 0.7519197 0.2007070 0.8457968 -1.3889492 -1.3586084 0.1701271 -1.3791782 0.7037745 -1.2375846 0.7586522 -1.2679992 0.2108826 0.7615146 0.8908759 0.7907962 -1.3106394 -1.2193546 -1.2078507 0.2246189 0.1512595 -0.3047652 0.8570293 0.8589910 -1.3915954 0.7722354 0.8664452 -0.7914863 -0.7667219 0.8839659 -1.3926975 -1.3578848 -0.1343338 0.8919979 0.8571625 0.7515725 0.7660978 0.3210620 0.8538830 -1.3782218 0.8347775 -1.0414172 -1.2183038 0.7867861
-1.1204778 -1.1414621 -0.8660770 2.1102142 -1.1702590 -1.1581242 2.1711047 2.1760190 -1.1083642 -1.1697631 -1.1629899 2.1568546 -1.1299108 -1.1652879 -1.1661377 1.9588486 1.5042834 1.9288702 -1.1792529 1.9854902 2.0072176 -0.4099991 -1.1701633 -1.1923828 -1.1783354 -1.1744349 -1.1721650 -1.1894195 -1.1709893 -1.1731453 -1.1773348 -0.5847513 -1.1555173 2.0243540 1.9543424 -0.5695767 2.0268891 -1.0940558 1.4823902 -1.1651424 1.5540220 -0.5683885 -1.1728100 -1.2011971 -1.1884309 1.8608084 1.6906941 1.4649194 -0.5766851 -0.1546063 0.5488744 -1.1235545 -1.1358392 2.1527014 -1.0076191 -1.1336297 0.9589721 0.9315250 -1.1489762 2.1644552 2.1105645 0.2794695 -1.1677144 -1.1297195 -1.1413007 -1.1429412 -0.4213673 -1.1367924 2.1366985 -1.1200784 1.6183764 1.8895863 -1.0450799
0.6974521 0.7130178 0.5339524 -1.3041478 0.7319364 0.7260735 -1.3301424 -1.3353168 0.6950388 0.7300736 0.7286454 -1.1299108 0.7432854 0.7951910 0.7907660 -1.2793416 -1.1722398 -1.2923841 0.8015923 -1.2972981 -1.3044800 0.2742678 0.7843193 0.8206701 0.8671784 0.8595573 0.8471712 0.8261406 0.8566157 0.8539301 0.8598522 0.3312992 0.7426448 -1.3171320 -1.2873414 0.3097861 -1.3075179 0.7526520 -1.1670413 0.8412988 -1.1995846 0.3182928 0.8186531 0.7752661 0.8191516 -1.2381085 -1.1495261 -1.1394858 0.3308678 0.0649822 -0.3599679 0.7061747 0.7090178 -1.3302128 0.6228831 0.7001291 -0.7295265 -0.7057952 0.7143214 -1.3319812 -1.2991863 -0.2053449 0.7204062 0.7028960 0.8092601 0.8129203 0.2282122 0.7111573 -1.3186450 0.7027977 -1.0144105 -1.1730622 0.6499881
0.7373376 0.7527029 0.5642706 -1.3463560 0.7695922 0.7626365 -1.3730274 -1.3781707 0.7313883 0.7679329 0.7667112 -1.1652879 0.7951910 0.9567963 0.8826897 -1.3214548 -1.2133474 -1.3345240 0.8986679 -1.3405806 -1.3468177 0.3294927 0.8506537 0.8866059 0.8250212 0.8201916 0.8516583 0.8726050 0.8393634 0.8395361 0.8468993 0.2972621 0.7835533 -1.3597156 -1.3296250 0.2761481 -1.3496747 0.8295045 -1.2096496 0.8220045 -1.2417016 0.2923771 0.8862670 0.8205023 0.8640288 -1.2812864 -1.1918268 -1.1800066 0.3029729 0.0760504 -0.3654831 0.7435460 0.7430930 -1.3728321 0.6586875 0.7357627 -0.7691325 -0.7450705 0.7530180 -1.3749714 -1.3405598 -0.2047107 0.7589226 0.7382722 0.7679149 0.7873917 0.2481306 0.7499214 -1.3611310 0.7383190 -1.0448184 -1.2100911 0.6858886
0.7515791 0.7675709 0.5771648 -1.3505574 0.7845581 0.7769836 -1.3775421 -1.3827612 0.7463317 0.7830495 0.7812755 -1.1661377 0.7907660 0.8826897 0.9248846 -1.3251832 -1.2205173 -1.3390833 0.9480503 -1.3448817 -1.3510263 0.3321449 0.8758263 0.8917929 0.8246590 0.8199984 0.8450418 0.8766615 0.8381938 0.8358240 0.8439075 0.2381075 0.7983628 -1.3636141 -1.3359028 0.2063247 -1.3540602 0.8241117 -1.2177589 0.8208117 -1.2492139 0.2385782 0.8839720 0.8383178 0.8714237 -1.2866553 -1.1983298 -1.1887882 0.2522359 0.0839209 -0.3604782 0.7590164 0.7571746 -1.3775651 0.6724935 0.7511430 -0.7823383 -0.7579770 0.7663248 -1.3790281 -1.3444841 -0.1989187 0.7741499 0.7514040 0.7682872 0.7831283 0.2588294 0.7645589 -1.3654523 0.7512640 -1.0467085 -1.2135465 0.7007172
-1.2979833 -1.3228488 -1.0118258 2.2892468 -1.3537883 -1.3418933 2.3385508 2.3493361 -1.2918065 -1.3527336 -1.3510939 1.9588486 -1.2793416 -1.3214548 -1.3251832 1.9060824 1.9411865 2.3360670 -1.3418291 2.3699605 2.3837397 -0.4157485 -1.3326358 -1.3509320 -1.3305246 -1.3274021 -1.3264474 -1.3482672 -1.3252184 -1.3274215 -1.3303082 -0.6220184 -1.3209965 2.4082685 2.3220661 -0.6003810 2.3850124 -1.2338777 1.9170748 -1.3211591 1.9895012 -0.6100543 -1.3284881 -1.3746011 -1.3466733 2.1953733 1.9896801 1.8811368 -0.6198765 -0.2023246 0.5540327 -1.3065861 -1.3120209 2.3400970 -1.1741565 -1.3101270 1.1548907 1.1176240 -1.3299184 2.3442526 2.2836449 0.2782513 -1.3466218 -1.3068262 -1.3044522 -1.3085456 -0.4831595 -1.3148452 2.3183124 -1.2966967 1.7422452 2.0376213 -1.2139406
-1.1977646 -1.2193919 -0.9563218 1.7773815 -1.2438246 -1.2328292 1.8157394 1.8211662 -1.1888473 -1.2425817 -1.2413200 1.5042834 -1.1722398 -1.2133474 -1.2205173 1.9411865 2.3778114 2.1369774 -1.2362365 1.9755311 1.9464283 -0.4312288 -1.2283022 -1.2436622 -1.2203709 -1.2176416 -1.2190249 -1.2409745 -1.2159698 -1.2194170 -1.2228022 -0.5220081 -1.2149432 1.9579096 2.0051079 -0.4981707 1.8739219 -1.1230204 2.9111750 -1.2114118 2.9657447 -0.5163013 -1.2196404 -1.2651119 -1.2399611 1.8934413 1.8985914 2.7786565 -0.5272726 -0.2739396 0.3389645 -1.2028080 -1.2058083 1.8243997 -1.0895034 -1.2039596 1.2372987 1.1906966 -1.2218202 1.8058159 1.7497238 0.1154223 -1.2379917 -1.2003607 -1.1917905 -1.1970664 -0.5183744 -1.2101843 1.7862988 -1.1944953 1.3315500 1.5660086 -1.1218636
-1.3118340 -1.3370619 -1.0271127 2.2615547 -1.3677486 -1.3556055 2.3097980 2.3213725 -1.3054996 -1.3664728 -1.3647541 1.9288702 -1.2923841 -1.3345240 -1.3390833 2.3360670 2.1369774 2.1025584 -1.3546926 2.3713572 2.3771036 -0.4279670 -1.3464426 -1.3639450 -1.3430023 -1.3401858 -1.3392677 -1.3618531 -1.3375096 -1.3402838 -1.3433148 -0.6308298 -1.3314359 2.4027092 2.3412087 -0.6096668 2.3612874 -1.2386420 2.1065016 -1.3338497 2.1773522 -0.6195199 -1.3410424 -1.3874719 -1.3610247 2.1857469 2.0132298 2.0608637 -0.6288257 -0.2198848 0.5306877 -1.3208239 -1.3258891 2.3137665 -1.1890341 -1.3237760 1.1741725 1.1350240 -1.3435906 2.3134799 2.2510841 0.2569085 -1.3604861 -1.3202399 -1.3175415 -1.3218751 -0.5020583 -1.3289891 2.2872300 -1.3100104 1.7154877 2.0093203 -1.2284708
0.7602284 0.7772109 0.5837113 -1.3665462 0.7938823 0.7874670 -1.3939224 -1.3989607 0.7559211 0.7927892 0.7918386 -1.1792529 0.8015923 0.8986679 0.9480503 -1.3418291 -1.2362365 -1.3546926 0.9154035 -1.3614461 -1.3670893 0.3347183 0.8915343 0.9068992 0.8341294 0.8308830 0.8583524 0.8911884 0.8496845 0.8463470 0.8563447 0.2336876 0.8095626 -1.3799002 -1.3520877 0.2000875 -1.3705046 0.8357210 -1.2336260 0.8312326 -1.2655576 0.2337413 0.8955499 0.8500208 0.8835928 -1.3025364 -1.2135049 -1.2037158 0.2486574 0.0850796 -0.3652190 0.7669998 0.7662188 -1.3937913 0.6794036 0.7596451 -0.7936359 -0.7687525 0.7761033 -1.3954563 -1.3600318 -0.2011335 0.7834617 0.7603514 0.7754468 0.7921515 0.2593473 0.7735030 -1.3814299 0.7621079 -1.0594206 -1.2279494 0.7079649
-1.3154159 -1.3407958 -1.0254489 2.3211424 -1.3721716 -1.3599141 2.3702416 2.3822000 -1.3094084 -1.3713552 -1.3693067 1.9854902 -1.2972981 -1.3405806 -1.3448817 2.3699605 1.9755311 2.3713572 -1.3614461 2.0082290 2.4135711 -0.4155110 -1.3530170 -1.3712043 -1.3497080 -1.3467690 -1.3456368 -1.3682649 -1.3444586 -1.3468053 -1.3493593 -0.6308487 -1.3395597 2.4416060 2.3556356 -0.6073977 2.4199858 -1.2504666 1.9523650 -1.3386331 2.0253294 -0.6178113 -1.3462189 -1.3926959 -1.3668977 2.2303967 2.0210984 1.9150405 -0.6276481 -0.2045970 0.5615323 -1.3244506 -1.3298138 2.3737721 -1.1900319 -1.3273584 1.1684775 1.1308395 -1.3478003 2.3767314 2.3135870 0.2841408 -1.3649399 -1.3240800 -1.3222098 -1.3264412 -0.4916932 -1.3324772 2.3506007 -1.3139544 1.7654263 2.0649736 -1.2306015
-1.3218056 -1.3474464 -1.0311695 2.3447301 -1.3792254 -1.3669016 2.3957016 2.4074790 -1.3163273 -1.3781184 -1.3762748 2.0072176 -1.3044800 -1.3468177 -1.3510263 2.3837397 1.9464283 2.3771036 -1.3670893 2.4135711 2.0081751 -0.4270197 -1.3586460 -1.3772061 -1.3553874 -1.3525555 -1.3519332 -1.3742799 -1.3505169 -1.3530452 -1.3556838 -0.6394604 -1.3457530 2.4754028 2.3787668 -0.6173877 2.4525847 -1.2568555 1.9260176 -1.3455944 2.0013986 -0.6262730 -1.3530141 -1.3995908 -1.3732672 2.2571206 2.0348651 1.8901813 -0.6365366 -0.2061608 0.5700204 -1.3313019 -1.3369665 2.3979511 -1.1964082 -1.3346666 1.1692833 1.1316663 -1.3549919 2.4019408 2.3389540 0.2867807 -1.3716434 -1.3308303 -1.3289915 -1.3335066 -0.4919222 -1.3394185 2.3747525 -1.3208656 1.7838651 2.0873911 -1.2370491
0.2212964 0.2261837 0.1482261 -0.4513167 0.2385944 0.2379855 -0.4596795 -0.4614659 0.2273383 0.2381994 0.2366724 -0.4099991 0.2742678 0.3294927 0.3321449 -0.4157485 -0.4312288 -0.4279670 0.3347183 -0.4155110 -0.4270197 0.6739700 0.3107706 0.3387354 0.2842966 0.2823430 0.3045944 0.3274787 0.2978428 0.2969769 0.3015050 0.0109973 0.2628226 -0.4303350 -0.4281768 -0.0095069 -0.4269194 0.3112292 -0.4348643 0.2845480 -0.4418336 0.0136218 0.3294141 0.2762440 0.3194035 -0.4245020 -0.4064971 -0.4208573 0.0291589 -0.0081980 -0.1309702 0.2323908 0.2306050 -0.4592213 0.2073853 0.2252696 -0.3021458 -0.2932433 0.2314394 -0.4604863 -0.4559312 -0.0918043 0.2338247 0.2254039 0.2461528 0.2578167 0.0965177 0.2288226 -0.4623551 0.2264690 -0.3556814 -0.4106531 0.2114356
0.7759885 0.7932041 0.5978402 -1.3564341 0.8092803 0.8027884 -1.3836416 -1.3888390 0.7709348 0.8070481 0.8088000 -1.1701633 0.7843193 0.8506537 0.8758263 -1.3326358 -1.2283022 -1.3464426 0.8915343 -1.3530170 -1.3586460 0.3107706 0.8677897 0.8757169 0.8136172 0.8116054 0.8335490 0.8668456 0.8291855 0.8290239 0.8320457 0.2403935 0.8171343 -1.3722627 -1.3434297 0.2064047 -1.3625888 0.7797457 -1.2254481 0.8075715 -1.2569084 0.2386698 0.8436491 0.8527213 0.8547217 -1.2944853 -1.2055744 -1.1961511 0.2514402 0.0996092 -0.3506218 0.7804074 0.7786139 -1.3836575 0.6956059 0.7744974 -0.7854784 -0.7609282 0.7906690 -1.3850650 -1.3490880 -0.1880083 0.7992206 0.7741632 0.7614445 0.7777157 0.2767670 0.7894015 -1.3711793 0.7762056 -1.0477983 -1.2172726 0.7219005
0.7602476 0.7769452 0.5829627 -1.3774385 0.7945586 0.7895087 -1.4046324 -1.4098674 0.7546745 0.7928564 0.7930005 -1.1923828 0.8206701 0.8866059 0.8917929 -1.3509320 -1.2436622 -1.3639450 0.9068992 -1.3712043 -1.3772061 0.3387354 0.8757169 0.9217473 0.8583820 0.8547815 0.8793040 0.9283993 0.8735870 0.8729476 0.8804454 0.2416478 0.8129747 -1.3897250 -1.3618876 0.2083593 -1.3798320 0.8360497 -1.2404585 0.8542852 -1.2729821 0.2399197 0.8980863 0.8554052 0.9219778 -1.3108715 -1.2209333 -1.2109092 0.2560768 0.0818642 -0.3712372 0.7670965 0.7663887 -1.4046748 0.6798602 0.7610118 -0.7966900 -0.7715199 0.7773723 -1.4062912 -1.3710096 -0.2068779 0.7828776 0.7609361 0.7969427 0.8172819 0.2593310 0.7745054 -1.3922538 0.7603543 -1.0691416 -1.2383138 0.7073140
0.7043870 0.7211368 0.5355532 -1.3573964 0.7400019 0.7347931 -1.3838544 -1.3889734 0.7010954 0.7386034 0.7362052 -1.1783354 0.8671784 0.8250212 0.8246590 -1.3305246 -1.2203709 -1.3430023 0.8341294 -1.3497080 -1.3553874 0.2842966 0.8136172 0.8583820 1.0207274 1.2007545 0.9020766 0.8674899 0.9071875 0.9150067 0.9208877 0.2689668 0.7665904 -1.3687969 -1.3402830 0.2380691 -1.3588760 0.7832399 -1.2170286 0.9065487 -1.2505772 0.2629510 0.8561309 0.7935132 0.8567634 -1.2882732 -1.1976455 -1.1892086 0.2764841 0.0502945 -0.3878955 0.7152475 0.7175837 -1.3836234 0.6244909 0.7073625 -0.7726743 -0.7424961 0.7224229 -1.3854823 -1.3516176 -0.2283141 0.7289491 0.7163649 1.1001093 0.8564349 0.2184059 0.7179431 -1.3720632 0.7104897 -1.0600646 -1.2223685 0.6573719
0.7084811 0.7251202 0.5393258 -1.3535166 0.7440909 0.7383332 -1.3799731 -1.3851868 0.7056836 0.7421254 0.7401408 -1.1744349 0.8595573 0.8201916 0.8199984 -1.3274021 -1.2176416 -1.3401858 0.8308830 -1.3467690 -1.3525555 0.2823430 0.8116054 0.8547815 1.2007545 1.0038304 0.8928193 0.8619815 0.8976105 0.9052697 0.9104991 0.2658095 0.7660706 -1.3658661 -1.3373190 0.2348834 -1.3561591 0.7767419 -1.2140418 0.8958521 -1.2471682 0.2607889 0.8493624 0.7928610 0.8528282 -1.2859169 -1.1948498 -1.1861987 0.2741239 0.0545214 -0.3831820 0.7185699 0.7213147 -1.3797964 0.6285043 0.7109747 -0.7703108 -0.7403045 0.7264296 -1.3815490 -1.3477470 -0.2237189 0.7329272 0.7195019 1.0785155 0.8519136 0.2225294 0.7211056 -1.3682832 0.7138785 -1.0558511 -1.2185370 0.6609284
0.7231773 0.7385224 0.5526512 -1.3525395 0.7594081 0.7510515 -1.3790833 -1.3842504 0.7194378 0.7560260 0.7533414 -1.1721650 0.8471712 0.8516583 0.8450418 -1.3264474 -1.2190249 -1.3392677 0.8583524 -1.3456368 -1.3519332 0.3045944 0.8335490 0.8793040 0.9020766 0.8928193 0.9311964 0.8834558 0.9094794 0.9214658 0.9354572 0.2664688 0.7771075 -1.3647006 -1.3359824 0.2350055 -1.3544044 0.8161251 -1.2148341 0.8783301 -1.2477772 0.2608317 0.8974876 0.8116145 0.8718646 -1.2851923 -1.1959846 -1.1860324 0.2749160 0.0653463 -0.3760352 0.7320917 0.7340782 -1.3789722 0.6440472 0.7237566 -0.7740400 -0.7488365 0.7403277 -1.3806715 -1.3466073 -0.2159225 0.7458903 0.7273762 0.8325555 0.8629580 0.2357427 0.7363654 -1.3672476 0.7299725 -1.0527149 -1.2172097 0.6739638
0.7553486 0.7719676 0.5778760 -1.3744408 0.7915231 0.7840071 -1.4016883 -1.4070883 0.7507552 0.7891307 0.7877234 -1.1894195 0.8261406 0.8726050 0.8766615 -1.3482672 -1.2409745 -1.3618531 0.8911884 -1.3682649 -1.3742799 0.3274787 0.8668456 0.9283993 0.8674899 0.8619815 0.8834558 0.9191794 0.8804141 0.8825203 0.8893026 0.2478856 0.8081166 -1.3869607 -1.3585776 0.2149303 -1.3770792 0.8223983 -1.2370679 0.8673026 -1.2701117 0.2454809 0.8887375 0.8498829 0.9179335 -1.3080375 -1.2179339 -1.2078856 0.2607090 0.0783445 -0.3715970 0.7636540 0.7634021 -1.4016327 0.6755289 0.7563157 -0.7925980 -0.7672741 0.7729133 -1.4033194 -1.3680834 -0.2080421 0.7794614 0.7583011 0.8038264 0.8249794 0.2548363 0.7691367 -1.3890324 0.7590418 -1.0666875 -1.2356855 0.7036360
0.7242560 0.7389634 0.5532934 -1.3510950 0.7594199 0.7526342 -1.3776203 -1.3829564 0.7208050 0.7569854 0.7565747 -1.1709893 0.8566157 0.8393634 0.8381938 -1.3252184 -1.2159698 -1.3375096 0.8496845 -1.3444586 -1.3505169 0.2978428 0.8291855 0.8735870 0.9071875 0.8976105 0.9094794 0.8804141 0.7302982 0.9095159 0.9195852 0.2711012 0.7772315 -1.3632597 -1.3344318 0.2417168 -1.3533125 0.7996597 -1.2115235 0.8808597 -1.2443205 0.2658043 0.8729404 0.8140118 0.8766987 -1.2835016 -1.1937451 -1.1835960 0.2796873 0.0665518 -0.3741198 0.7325570 0.7347264 -1.3775159 0.6457465 0.7264134 -0.7695324 -0.7441746 0.7410599 -1.3794980 -1.3454049 -0.2147994 0.7486103 0.7288662 0.8370176 0.8571780 0.2361096 0.7367556 -1.3656650 0.7293632 -1.0517106 -1.2156984 0.6739655
0.7233027 0.7393443 0.5528002 -1.3536929 0.7586092 0.7525339 -1.3802042 -1.3853444 0.7197418 0.7562851 0.7542446 -1.1731453 0.8539301 0.8395361 0.8358240 -1.3274215 -1.2194170 -1.3402838 0.8463470 -1.3468053 -1.3530452 0.2969769 0.8290239 0.8729476 0.9150067 0.9052697 0.9214658 0.8825203 0.9095159 0.8320524 0.9440743 0.2666625 0.7762521 -1.3659575 -1.3373802 0.2344206 -1.3560354 0.8009347 -1.2153178 0.8865895 -1.2481359 0.2596400 0.8729722 0.8107309 0.8695350 -1.2862499 -1.1967580 -1.1866995 0.2743809 0.0652046 -0.3755051 0.7331111 0.7349755 -1.3802513 0.6453544 0.7254764 -0.7721765 -0.7465963 0.7410355 -1.3818271 -1.3476908 -0.2158581 0.7473223 0.7284409 0.8441299 0.9019468 0.2336172 0.7378352 -1.3683085 0.7311184 -1.0537372 -1.2180619 0.6738282
0.7202733 0.7369123 0.5493668 -1.3576857 0.7560506 0.7503790 -1.3842914 -1.3893278 0.7176038 0.7540693 0.7519197 -1.1773348 0.8598522 0.8468993 0.8439075 -1.3303082 -1.2228022 -1.3433148 0.8563447 -1.3493593 -1.3556838 0.3015050 0.8320457 0.8804454 0.9208877 0.9104991 0.9354572 0.8893026 0.9195852 0.9440743 0.8978490 0.2688533 0.7775614 -1.3684344 -1.3402642 0.2384305 -1.3582135 0.8137757 -1.2179792 0.8946620 -1.2517859 0.2628928 0.8908032 0.8134608 0.8810681 -1.2887018 -1.1992207 -1.1897340 0.2792709 0.0613590 -0.3799438 0.7291715 0.7322981 -1.3840603 0.6409552 0.7215434 -0.7756557 -0.7499599 0.7382383 -1.3858169 -1.3514168 -0.2202103 0.7442849 0.7261412 0.8450564 0.8876433 0.2319411 0.7345694 -1.3720390 0.7285969 -1.0575875 -1.2219701 0.6711304
0.1920607 0.1938821 0.1179488 -0.6527943 0.2048278 0.2050650 -0.6679546 -0.6717174 0.1941200 0.2041021 0.2007070 -0.5847513 0.3312992 0.2972621 0.2381075 -0.6220184 -0.5220081 -0.6308298 0.2336876 -0.6308487 -0.6394604 0.0109973 0.2403935 0.2416478 0.2689668 0.2658095 0.2664688 0.2478856 0.2711012 0.2666625 0.2688533 1.3952668 0.2286836 -0.6506995 -0.5958990 1.6828697 -0.6427374 0.2175869 -0.5044343 0.2696140 -0.5342823 1.3989964 0.2323216 0.2216930 0.2368257 -0.5720612 -0.4984505 -0.4809779 1.3358417 -0.0772363 -0.2681059 0.2114248 0.2177724 -0.6669695 0.1656062 0.1986214 -0.0579250 -0.0637698 0.2005996 -0.6727971 -0.6617302 -0.2013922 0.1985126 0.2073144 0.2417792 0.2339175 -0.0157637 0.1959563 -0.6658698 0.1940440 -0.5344110 -0.5961259 0.1775930
0.7930709 0.8104118 0.6261696 -1.3435841 0.8516350 0.8398626 -1.3708823 -1.3764759 0.8028440 0.8511091 0.8457968 -1.1555173 0.7426448 0.7835533 0.7983628 -1.3209965 -1.2149432 -1.3314359 0.8095626 -1.3395597 -1.3457530 0.2628226 0.8171343 0.8129747 0.7665904 0.7660706 0.7771075 0.8081166 0.7772315 0.7762521 0.7775614 0.2286836 0.8446165 -1.3578118 -1.3291093 0.2003198 -1.3484040 0.7232364 -1.2107103 0.7720767 -1.2422400 0.2327410 0.7839549 0.8927768 0.8074164 -1.2810720 -1.1931568 -1.1813401 0.2450968 0.1276793 -0.3216946 0.8137201 0.8158801 -1.3711282 0.7279420 0.8270001 -0.7787451 -0.7548349 0.8398203 -1.3726076 -1.3386252 -0.1530447 0.8499895 0.8132780 0.7227954 0.7301026 0.2904854 0.8062010 -1.3584331 0.7914444 -1.0324920 -1.2033639 0.7438991
-1.3342725 -1.3600380 -1.0407819 2.3666523 -1.3919592 -1.3797443 2.4179246 2.4299886 -1.3287343 -1.3906932 -1.3889492 2.0243540 -1.3171320 -1.3597156 -1.3636141 2.4082685 1.9579096 2.4027092 -1.3799002 2.4416060 2.4754028 -0.4303350 -1.3722627 -1.3897250 -1.3687969 -1.3658661 -1.3647006 -1.3869607 -1.3632597 -1.3659575 -1.3684344 -0.6506995 -1.3578118 2.0358720 2.4116862 -0.6260292 2.4951277 -1.2662027 1.9374888 -1.3568931 2.0167818 -0.6350999 -1.3627669 -1.4101206 -1.3839647 2.2916675 2.0585289 1.9013634 -0.6446844 -0.2089648 0.5729343 -1.3437115 -1.3494252 2.4213569 -1.2081856 -1.3467467 1.1726991 1.1356025 -1.3675274 2.4248979 2.3608475 0.2880946 -1.3844494 -1.3432913 -1.3418230 -1.3456650 -0.4970169 -1.3523092 2.3968980 -1.3329268 1.7991794 2.1049621 -1.2486985
-1.3050280 -1.3306272 -1.0198591 2.2825952 -1.3613938 -1.3491459 2.3324380 2.3428922 -1.2990639 -1.3600510 -1.3586084 1.9543424 -1.2873414 -1.3296250 -1.3359028 2.3220661 2.0051079 2.3412087 -1.3520877 2.3556356 2.3787668 -0.4281768 -1.3434297 -1.3618876 -1.3402830 -1.3373190 -1.3359824 -1.3585776 -1.3344318 -1.3373802 -1.3402642 -0.5958990 -1.3291093 2.4116862 1.9743873 -0.5662336 2.3799334 -1.2400714 1.9835472 -1.3279380 2.0562449 -0.5840828 -1.3360254 -1.3820333 -1.3564121 2.1969521 2.0014856 1.9440508 -0.5960173 -0.2097729 0.5472612 -1.3141637 -1.3193880 2.3356397 -1.1819260 -1.3172821 1.1689552 1.1308705 -1.3373243 2.3379478 2.2754483 0.2707715 -1.3541290 -1.3136029 -1.3116113 -1.3159132 -0.4901398 -1.3226409 2.3110592 -1.3043122 1.7360194 2.0320945 -1.2214413
0.1629497 0.1639756 0.0924844 -0.6325895 0.1746521 0.1754008 -0.6476026 -0.6516587 0.1652857 0.1738832 0.1701271 -0.5695767 0.3097861 0.2761481 0.2063247 -0.6003810 -0.4981707 -0.6096668 0.2000875 -0.6073977 -0.6173877 -0.0095069 0.2064047 0.2083593 0.2380691 0.2348834 0.2350055 0.2149303 0.2417168 0.2344206 0.2384305 1.6828697 0.2003198 -0.6260292 -0.5662336 1.6097527 -0.6168607 0.1992613 -0.4774087 0.2511236 -0.5087444 1.5419023 0.2118030 0.1996326 0.2151238 -0.5440265 -0.4696867 -0.4528933 1.4687006 -0.0909161 -0.2732975 0.1836479 0.1908225 -0.6462939 0.1381781 0.1696677 -0.0124973 -0.0202860 0.1703423 -0.6528832 -0.6433497 -0.2108304 0.1678877 0.1794952 0.2158626 0.2056993 -0.0351717 0.1666310 -0.6464677 0.1646972 -0.5232987 -0.5796509 0.1499317
-1.3248849 -1.3505374 -1.0327001 2.3665650 -1.3824234 -1.3700216 2.4191151 2.4305148 -1.3188128 -1.3812667 -1.3791782 2.0268891 -1.3075179 -1.3496747 -1.3540602 2.3850124 1.8739219 2.3612874 -1.3705046 2.4199858 2.4525847 -0.4269194 -1.3625888 -1.3798320 -1.3588760 -1.3561591 -1.3544044 -1.3770792 -1.3533125 -1.3560354 -1.3582135 -0.6427374 -1.3484040 2.4951277 2.3799334 -0.6168607 1.9947656 -1.2578030 1.8580887 -1.3465780 1.9292111 -0.6280190 -1.3535911 -1.4001187 -1.3736926 2.3267252 2.0628974 1.8259923 -0.6376466 -0.2014267 0.5781108 -1.3343780 -1.3401120 2.4206576 -1.1978714 -1.3376393 1.1726638 1.1352648 -1.3578069 2.4252429 2.3625917 0.2937060 -1.3748729 -1.3338144 -1.3321081 -1.3357071 -0.4884522 -1.3426673 2.3982313 -1.3237021 1.8010999 2.1070502 -1.2396833
0.6772956 0.6924613 0.5205584 -1.2595518 0.7076845 0.7012724 -1.2846618 -1.2892745 0.6707973 0.7057918 0.7037745 -1.0940558 0.7526520 0.8295045 0.8241117 -1.2338777 -1.1230204 -1.2386420 0.8357210 -1.2504666 -1.2568555 0.3112292 0.7797457 0.8360497 0.7832399 0.7767419 0.8161251 0.8223983 0.7996597 0.8009347 0.8137757 0.2175869 0.7232364 -1.2662027 -1.2400714 0.1992613 -1.2578030 0.8787032 -1.1167332 0.7961438 -1.1491463 0.2258437 0.8726941 0.7727146 0.8326799 -1.1935101 -1.1100408 -1.0920972 0.2404103 0.0655687 -0.3474200 0.6841372 0.6840709 -1.2840497 0.6047053 0.6766661 -0.7223759 -0.6994885 0.6893334 -1.2862819 -1.2543123 -0.1968541 0.6974032 0.6789841 0.7318541 0.7588969 0.2261828 0.6900877 -1.2731146 0.6799335 -0.9790648 -1.1328052 0.6335919
-1.1947709 -1.2161819 -0.9531543 1.7559117 -1.2400280 -1.2288411 1.7946178 1.7993516 -1.1851994 -1.2389107 -1.2375846 1.4823902 -1.1670413 -1.2096496 -1.2177589 1.9170748 2.9111750 2.1065016 -1.2336260 1.9523650 1.9260176 -0.4348643 -1.2254481 -1.2404585 -1.2170286 -1.2140418 -1.2148341 -1.2370679 -1.2115235 -1.2153178 -1.2179792 -0.5044343 -1.2107103 1.9374888 1.9835472 -0.4774087 1.8580887 -1.1167332 2.4217997 -1.2053366 2.9207535 -0.4988981 -1.2148694 -1.2597307 -1.2344787 1.9087670 1.9288521 2.8268943 -0.5104432 -0.2782601 0.3287536 -1.1994110 -1.2021114 1.8025872 -1.0868319 -1.2002144 1.2776636 1.2285788 -1.2180225 1.7830505 1.7284114 0.1078971 -1.2343004 -1.1967002 -1.1878413 -1.1932139 -0.5204103 -1.2072711 1.7639681 -1.1911137 1.3141978 1.5459766 -1.1187686
0.7264943 0.7426875 0.5553200 -1.3451235 0.7612578 0.7554796 -1.3718323 -1.3770614 0.7228011 0.7595936 0.7586522 -1.1651424 0.8412988 0.8220045 0.8208117 -1.3211591 -1.2114118 -1.3338497 0.8312326 -1.3386331 -1.3455944 0.2845480 0.8075715 0.8542852 0.9065487 0.8958521 0.8783301 0.8673026 0.8808597 0.8865895 0.8946620 0.2696140 0.7720767 -1.3568931 -1.3279380 0.2511236 -1.3465780 0.7961438 -1.2053366 0.9293039 -1.2386521 0.2736866 0.8645402 0.8165298 0.8681824 -1.2772943 -1.1859375 -1.1769834 0.2860665 0.0696379 -0.3694865 0.7346998 0.7376348 -1.3717631 0.6488684 0.7292759 -0.7639106 -0.7386307 0.7427543 -1.3734528 -1.3395773 -0.2087834 0.7515103 0.7321111 0.8485987 0.8463540 0.2393938 0.7398428 -1.3598444 0.7318245 -1.0451311 -1.2097117 0.6771256
-1.2233346 -1.2453290 -0.9748298 1.8356460 -1.2708596 -1.2592058 1.8749627 1.8812191 -1.2145729 -1.2693700 -1.2679992 1.5540220 -1.1995846 -1.2417016 -1.2492139 1.9895012 2.9657447 2.1773522 -1.2655576 2.0253294 2.0013986 -0.4418336 -1.2569084 -1.2729821 -1.2505772 -1.2471682 -1.2477772 -1.2701117 -1.2443205 -1.2481359 -1.2517859 -0.5342823 -1.2422400 2.0167818 2.0562449 -0.5087444 1.9292111 -1.1491463 2.9207535 -1.2386521 2.4133899 -0.5271294 -1.2466946 -1.2924320 -1.2677612 1.9423213 1.9381617 2.7903280 -0.5386209 -0.2742518 0.3564526 -1.2287883 -1.2319280 1.8836087 -1.1122731 -1.2299062 1.2583936 1.2112238 -1.2479901 1.8654716 1.8092614 0.1269082 -1.2644886 -1.2262734 -1.2195859 -1.2240835 -0.5246165 -1.2359517 1.8459067 -1.2202666 1.3765906 1.6190532 -1.1459460
0.2022778 0.2044309 0.1296302 -0.6368685 0.2149144 0.2144199 -0.6516297 -0.6557242 0.2037199 0.2136984 0.2108826 -0.5683885 0.3182928 0.2923771 0.2385782 -0.6100543 -0.5163013 -0.6195199 0.2337413 -0.6178113 -0.6262730 0.0136218 0.2386698 0.2399197 0.2629510 0.2607889 0.2608317 0.2454809 0.2658043 0.2596400 0.2628928 1.3989964 0.2327410 -0.6350999 -0.5840828 1.5419023 -0.6280190 0.2258437 -0.4988981 0.2736866 -0.5271294 1.3435371 0.2426037 0.2344979 0.2454168 -0.5618647 -0.4916352 -0.4766497 1.2252932 -0.0640248 -0.2523311 0.2183507 0.2245347 -0.6509002 0.1750423 0.2081517 -0.0862321 -0.0898544 0.2097812 -0.6560822 -0.6449233 -0.1864069 0.2091811 0.2158883 0.2451472 0.2367426 -0.0030382 0.2056456 -0.6496193 0.2033678 -0.5184716 -0.5807097 0.1871751
0.7333652 0.7490700 0.5600239 -1.3543762 0.7666535 0.7584952 -1.3810072 -1.3860369 0.7265639 0.7643343 0.7615146 -1.1728100 0.8186531 0.8862670 0.8839720 -1.3284881 -1.2196404 -1.3410424 0.8955499 -1.3462189 -1.3530141 0.3294141 0.8436491 0.8980863 0.8561309 0.8493624 0.8974876 0.8887375 0.8729404 0.8729722 0.8908032 0.2323216 0.7839549 -1.3627669 -1.3360254 0.2118030 -1.3535911 0.8726941 -1.2148694 0.8645402 -1.2466946 0.2426037 0.9283779 0.8373114 0.8998613 -1.2859070 -1.1972370 -1.1858512 0.2573620 0.0689844 -0.3736128 0.7406575 0.7410076 -1.3809950 0.6527654 0.7318585 -0.7831385 -0.7582489 0.7473438 -1.3825701 -1.3483626 -0.2129339 0.7552310 0.7338251 0.7981289 0.8283786 0.2443043 0.7481099 -1.3691133 0.7358804 -1.0534247 -1.2185310 0.6829714
0.8241261 0.8441891 0.6461021 -1.3970660 0.8852879 0.8803573 -1.4251347 -1.4307808 0.8447772 0.8833640 0.8908759 -1.2011971 0.7752661 0.8205023 0.8383178 -1.3746011 -1.2651119 -1.3874719 0.8500208 -1.3926959 -1.3995908 0.2762440 0.8527213 0.8554052 0.7935132 0.7928610 0.8116145 0.8498829 0.8140118 0.8107309 0.8134608 0.2216930 0.8927768 -1.4101206 -1.3820333 0.1996326 -1.4001187 0.7727146 -1.2597307 0.8165298 -1.2924320 0.2344979 0.8373114 0.8781535 0.8743302 -1.3308247 -1.2409039 -1.2286129 0.2479154 0.1282740 -0.3387074 0.8432000 0.8445908 -1.4253432 0.7541242 0.8488235 -0.8160176 -0.7910597 0.8660269 -1.4269769 -1.3914994 -0.1648834 0.8747000 0.8426462 0.7500125 0.7641257 0.2977443 0.8447309 -1.4123350 0.8213119 -1.0751097 -1.2519660 0.7712618
0.7571341 0.7740230 0.5823743 -1.3732556 0.7926655 0.7867736 -1.4004010 -1.4057126 0.7534936 0.7900211 0.7907962 -1.1884309 0.8191516 0.8640288 0.8714237 -1.3466733 -1.2399611 -1.3610247 0.8835928 -1.3668977 -1.3732672 0.3194035 0.8547217 0.9219778 0.8567634 0.8528282 0.8718646 0.9179335 0.8766987 0.8695350 0.8810681 0.2368257 0.8074164 -1.3839647 -1.3564121 0.2151238 -1.3736926 0.8326799 -1.2344787 0.8681824 -1.2677612 0.2454168 0.8998613 0.8743302 0.6430427 -1.3040494 -1.2152352 -1.2056829 0.2601066 0.0810797 -0.3702963 0.7654678 0.7645001 -1.4004943 0.6763612 0.7579390 -0.7935126 -0.7683800 0.7735453 -1.4023391 -1.3670406 -0.2069657 0.7816433 0.7593575 0.8013472 0.8237225 0.2588218 0.7713690 -1.3881698 0.7583312 -1.0659626 -1.2345867 0.7056277
-1.2599742 -1.2840955 -0.9850308 2.1746728 -1.3133576 -1.3015747 2.2239566 2.2329059 -1.2530670 -1.3120921 -1.3106394 1.8608084 -1.2381085 -1.2812864 -1.2866553 2.1953733 1.8934413 2.1857469 -1.3025364 2.2303967 2.2571206 -0.4245020 -1.2944853 -1.3108715 -1.2882732 -1.2859169 -1.2851923 -1.3080375 -1.2835016 -1.2862499 -1.2887018 -0.5720612 -1.2810720 2.2916675 2.1969521 -0.5440265 2.3267252 -1.1935101 1.9087670 -1.2772943 1.9423213 -0.5618647 -1.2859070 -1.3308247 -1.3040494 1.7916394 2.0802321 1.8552419 -0.5721395 -0.2087415 0.5124560 -1.2677672 -1.2724974 2.2243371 -1.1394489 -1.2702889 1.2124730 1.1716992 -1.2895943 2.2247314 2.1664500 0.2481833 -1.3063718 -1.2663873 -1.2621185 -1.2669050 -0.4780706 -1.2758787 2.1993144 -1.2578249 1.6520214 1.9352834 -1.1783290
-1.1725245 -1.1954643 -0.9193670 1.9756728 -1.2222085 -1.2106973 2.0185435 2.0261695 -1.1649667 -1.2205223 -1.2193546 1.6906941 -1.1495261 -1.1918268 -1.1983298 1.9896801 1.8985914 2.0132298 -1.2135049 2.0210984 2.0348651 -0.4064971 -1.2055744 -1.2209333 -1.1976455 -1.1948498 -1.1959846 -1.2179339 -1.1937451 -1.1967580 -1.1992207 -0.4984505 -1.1931568 2.0585289 2.0014856 -0.4696867 2.0628974 -1.1100408 1.9288521 -1.1859375 1.9381617 -0.4916352 -1.1972370 -1.2409039 -1.2152352 2.0802321 1.7044370 1.8579051 -0.5032029 -0.2032938 0.4556817 -1.1791273 -1.1833378 2.0206041 -1.0608841 -1.1812521 1.2009146 1.1597449 -1.1998509 2.0182569 1.9633591 0.2142060 -1.2159722 -1.1775788 -1.1706887 -1.1763798 -0.4534170 -1.1872070 1.9951806 -1.1705054 1.5014898 1.7586387 -1.0957537
-1.1659092 -1.1867357 -0.9299193 1.7312294 -1.2104063 -1.1995587 1.7683231 1.7743039 -1.1565828 -1.2090558 -1.2078507 1.4649194 -1.1394858 -1.1800066 -1.1887882 1.8811368 2.7786565 2.0608637 -1.2037158 1.9150405 1.8901813 -0.4208573 -1.1961511 -1.2109092 -1.1892086 -1.1861987 -1.1860324 -1.2078856 -1.1835960 -1.1866995 -1.1897340 -0.4809779 -1.1813401 1.9013634 1.9440508 -0.4528933 1.8259923 -1.0920972 2.8268943 -1.1769834 2.7903280 -0.4766497 -1.1858512 -1.2286129 -1.2056829 1.8552419 1.8579051 2.1020257 -0.4880537 -0.2654214 0.3310358 -1.1705568 -1.1728878 1.7769765 -1.0597388 -1.1713421 1.2234733 1.1764480 -1.1885581 1.7589316 1.7059445 0.1128239 -1.2047690 -1.1679623 -1.1606926 -1.1650211 -0.5035224 -1.1776955 1.7401066 -1.1622578 1.2976332 1.5278524 -1.0917696
0.2149164 0.2172290 0.1392940 -0.6467500 0.2282145 0.2278836 -0.6620188 -0.6654337 0.2161528 0.2267372 0.2246189 -0.5766851 0.3308678 0.3029729 0.2522359 -0.6198765 -0.5272726 -0.6288257 0.2486574 -0.6276481 -0.6365366 0.0291589 0.2514402 0.2560768 0.2764841 0.2741239 0.2749160 0.2607090 0.2796873 0.2743809 0.2792709 1.3358417 0.2450968 -0.6446844 -0.5960173 1.4687006 -0.6376466 0.2404103 -0.5104432 0.2860665 -0.5386209 1.2252932 0.2573620 0.2479154 0.2601066 -0.5721395 -0.5032029 -0.4880537 1.1920682 -0.0585043 -0.2514054 0.2312860 0.2374087 -0.6608264 0.1873030 0.2197722 -0.0997626 -0.1036321 0.2233898 -0.6658661 -0.6544812 -0.1838024 0.2221681 0.2283901 0.2579242 0.2515225 0.0059137 0.2189268 -0.6592463 0.2160931 -0.5250512 -0.5880951 0.1990700
0.1417415 0.1475338 0.1659154 -0.1621909 0.1538129 0.1503137 -0.1653733 -0.1654390 0.1460430 0.1538032 0.1512595 -0.1546063 0.0649822 0.0760504 0.0839209 -0.2023246 -0.2739396 -0.2198848 0.0850796 -0.2045970 -0.2061608 -0.0081980 0.0996092 0.0818642 0.0502945 0.0545214 0.0653463 0.0783445 0.0665518 0.0652046 0.0613590 -0.0772363 0.1276793 -0.2089648 -0.2097729 -0.0909161 -0.2014267 0.0655687 -0.2782601 0.0696379 -0.2742518 -0.0640248 0.0689844 0.1282740 0.0810797 -0.2087415 -0.2032938 -0.2654214 -0.0585043 0.5829877 0.0380265 0.1432904 0.1522582 -0.1655290 0.1511745 0.1558406 -0.1731274 -0.1678346 0.1544702 -0.1642541 -0.1501012 0.0253176 0.1591770 0.1518043 0.0751909 0.0837051 0.1089220 0.1473129 -0.1557858 0.1401105 -0.1114550 -0.1369652 0.1369319
-0.2972750 -0.3051265 -0.2200289 0.6433151 -0.3057614 -0.3033304 0.6579785 0.6614338 -0.2915420 -0.3051254 -0.3047652 0.5488744 -0.3599679 -0.3654831 -0.3604782 0.5540327 0.3389645 0.5306877 -0.3652190 0.5615323 0.5700204 -0.1309702 -0.3506218 -0.3712372 -0.3878955 -0.3831820 -0.3760352 -0.3715970 -0.3741198 -0.3755051 -0.3799438 -0.2681059 -0.3216946 0.5729343 0.5472612 -0.2732975 0.5781108 -0.3474200 0.3287536 -0.3694865 0.3564526 -0.2523311 -0.3736128 -0.3387074 -0.3702963 0.5124560 0.4556817 0.3310358 -0.2514054 0.0380265 0.4218585 -0.2914366 -0.2947812 0.6567983 -0.2538827 -0.2888644 0.2168470 0.2108964 -0.2970309 0.6617821 0.6485712 0.1446050 -0.2937457 -0.2934528 -0.3537854 -0.3484711 -0.0671048 -0.2996790 0.6543350 -0.2983041 0.5088247 0.5819777 -0.2715286
0.8128712 0.8279020 0.6389433 -1.3177283 0.8583924 0.8468456 -1.3450282 -1.3506129 0.8132597 0.8583658 0.8570293 -1.1235545 0.7061747 0.7435460 0.7590164 -1.3065861 -1.2028080 -1.3208239 0.7669998 -1.3244506 -1.3313019 0.2323908 0.7804074 0.7670965 0.7152475 0.7185699 0.7320917 0.7636540 0.7325570 0.7331111 0.7291715 0.2114248 0.8137201 -1.3437115 -1.3141637 0.1836479 -1.3343780 0.6841372 -1.1994110 0.7346998 -1.2287883 0.2183507 0.7406575 0.8432000 0.7654678 -1.2677672 -1.1791273 -1.1705568 0.2312860 0.1432904 -0.2914366 0.7990295 0.8263471 -1.3457007 0.7497871 0.8339908 -0.7640908 -0.7396238 0.8434263 -1.3461759 -1.3157647 -0.1268541 0.8595530 0.8253140 0.7268913 0.7403053 0.3108398 0.8264617 -1.3323630 0.8048465 -1.0052652 -1.1768343 0.7594741
