0.00000000099999999923 0.00000000099999999923 0.00000000099999999923 0.00000000099999999923 0.99999999599999989108 
0.00000000099999999895 0.00000000099999999895 0.00000000099999999895 0.00000000099999999895 0.99999999599999989108 
0.08417104037370989889 0.00000000099999999991 0.00000000099999999991 0.00000000099999999991 0.91582895662629004718 
0.99999999600000000211 0.00000000099999999905 0.00000000099999999905 0.00000000099999999905 0.00000000099999999905 
0.00000000099999999880 0.00000000099999999880 0.00000000099999999880 0.00000000099999999880 0.99999999600000000211 
0.00000000099999999902 0.00000000099999999902 0.00000000099999999902 0.00000000099999999902 0.99999999599999989108 
0.99999999600000000211 0.00000000099999999832 0.00000000099999999832 0.00000000099999999832 0.00000000099999999832 
0.99999999600000000211 0.00000000099999999816 0.00000000099999999816 0.00000000099999999816 0.00000000099999999816 
0.00000000099999999962 0.00000000099999999962 0.00000000099999999962 0.00000000099999999962 0.99999999600000000211 
0.00000000099999999881 0.00000000099999999881 0.00000000099999999881 0.00000000099999999881 0.99999999599999989108 
0.00000000099999999883 0.00000000099999999883 0.00000000099999999883 0.00000000099999999883 0.99999999600000000211 
0.90469911640449796053 0.00000000099999999987 0.00000000099999999987 0.00000000099999999987 0.09530088059550222146 
0.00000000099999999951 0.95312737319759766041 0.00000000099999999951 0.04687262380240244525 0.00000000099999999951 
0.00000000099999999929 0.98207771757184181283 0.00000000099999999929 0.01792227942815833447 0.00000000099999999929 
0.00000000099999999922 0.98890110119945218159 0.00000000099999999922 0.00000000099999999922 0.01109889580054786856 
0.85220660986171692386 0.00000000099999999946 0.14779338713828304996 0.00000000099999999946 0.00000000099999999946 
0.00000000099999999848 0.00000000099999999848 0.99999999599999989108 0.00000000099999999848 0.00000000099999999848 
0.71862818048761545331 0.00000000099999999889 0.28137181651238446500 0.00000000099999999889 0.00000000099999999889 
0.00000000099999999895 0.99828730393507070229 0.00000000099999999895 0.00000000099999999895 0.00171269306492931013 
0.86479676493407708904 0.00000000099999999891 0.13520323206592269050 0.00000000099999999891 0.00000000099999999891 
0.88813618956127138304 0.00000000099999999879 0.11186380743872859078 0.00000000099999999879 0.00000000099999999879 
0.20401550231084289444 0.70033152068111292898 0.04903325690167095047 0.00000000099999999996 0.04661971910637324745 
0.00000000099999999920 0.75770357807001431638 0.00000000099999999920 0.00000000099999999920 0.24229641892998582398 
0.00000000099999999883 0.99999999599999989108 0.00000000099999999883 0.00000000099999999883 0.00000000099999999883 
0.00000000099999999880 0.99999999600000000211 0.00000000099999999880 0.00000000099999999880 0.00000000099999999880 
0.00000000099999999884 0.99999999599999989108 0.00000000099999999884 0.00000000099999999884 0.00000000099999999884 
0.00000000099999999894 0.99999999599999989108 0.00000000099999999894 0.00000000099999999894 0.00000000099999999894 
0.00000000099999999884 0.99999999599999989108 0.00000000099999999884 0.00000000099999999884 0.00000000099999999884 
0.00000000099999999902 0.99999999600000000211 0.00000000099999999902 0.00000000099999999902 0.00000000099999999902 
0.00000000099999999891 0.99999999599999989108 0.00000000099999999891 0.00000000099999999891 0.00000000099999999891 
0.00000000099999999889 0.99999999599999989108 0.00000000099999999889 0.00000000099999999889 0.00000000099999999889 
0.00000000099999999871 0.00000000099999999871 0.00000000099999999871 0.99999999600000000211 0.00000000099999999871 
0.00000000099999999981 0.23543142092956970135 0.00000000099999999981 0.00000000099999999981 0.76456857607043038350 
0.88008539997266377330 0.00000000099999999843 0.11991459702733620052 0.00000000099999999843 0.00000000099999999843 
0.80778596874527042182 0.00000000099999999918 0.19221402825472955200 0.00000000099999999918 0.00000000099999999918 
0.00000000099999999864 0.00000000099999999864 0.00000000099999999864 0.99999999600000000211 0.00000000099999999864 
0.92544187990715032210 0.00000000099999999865 0.07455811709284949906 0.00000000099999999865 0.00000000099999999865 
0.00000000099999999996 0.96067698883462759873 0.03550738176381890848 0.00000000099999999996 0.00381562740155355585 
0.00000000099999999827 0.00000000099999999827 0.99999999599999978006 0.00000000099999999827 0.00000000099999999827 
0.00000000099999999905 0.99999999600000011313 0.00000000099999999905 0.00000000099999999905 0.00000000099999999905 
0.00000000099999999828 0.00000000099999999828 0.99999999599999989108 0.00000000099999999828 0.00000000099999999828 
0.00000000099999999882 0.00000000099999999882 0.00000000099999999882 0.99999999600000000211 0.00000000099999999882 
0.00000000099999999910 0.99999999600000000211 0.00000000099999999910 0.00000000099999999910 0.00000000099999999910 
0.00000000099999999888 0.34743536734928837095 0.00000000099999999888 0.00000000099999999888 0.65256462965071138083 
0.00000000099999999897 0.95417145481215759339 0.00000000099999999897 0.00000000099999999897 0.04582854218784251227 
0.70515609028920767098 0.00000000099999999892 0.29484390671079224733 0.00000000099999999892 0.00000000099999999892 
0.41259834741953860249 0.00000000099999999940 0.58740164958046137134 0.00000000099999999940 0.00000000099999999940 
0.00000000099999999873 0.00000000099999999873 0.99999999599999978006 0.00000000099999999873 0.00000000099999999873 
0.00000000099999999893 0.00000000099999999893 0.00000000099999999893 0.99999999599999989108 0.00000000099999999893 
0.31142678849560878618 0.00000000099999999991 0.00000000099999999991 0.00000000099999999991 0.68857320850439096560 
0.51949229128298501923 0.00000000099999999989 0.00000000099999999989 0.00000000099999999989 0.48050770571701501011 
0.00000000099999999928 0.00000000099999999928 0.00000000099999999928 0.00000000099999999928 0.99999999600000000211 
0.00000000099999999937 0.00000000099999999937 0.00000000099999999937 0.00000000099999999937 0.99999999600000000211 
0.99999999600000000211 0.00000000099999999830 0.00000000099999999830 0.00000000099999999830 0.00000000099999999830 
0.04447854008417933408 0.00000000099999999993 0.00000000099999999993 0.00000000099999999993 0.95552145691582068832 
0.00000000099999999942 0.00000000099999999942 0.00000000099999999942 0.00000000099999999942 0.99999999599999989108 
0.00000000099999999981 0.00000000099999999981 0.72257020236301727767 0.27742979463698264064 0.00000000099999999981 
0.00472252304901201857 0.00000000099999999992 0.70918328061997670808 0.28609419433101124230 0.00000000099999999992 
0.00000000099999999917 0.00000000099999999917 0.00000000099999999917 0.00000000099999999917 0.99999999600000000211 
0.99999999600000000211 0.00000000099999999824 0.00000000099999999824 0.00000000099999999824 0.00000000099999999824 
0.99999999600000000211 0.00000000099999999889 0.00000000099999999889 0.00000000099999999889 0.00000000099999999889 
0.44262968269167185520 0.00000000099999999989 0.00000000099999999989 0.00000000099999999989 0.55737031430832806311 
0.00000000099999999882 0.00000000099999999882 0.00000000099999999882 0.00000000099999999882 0.99999999599999989108 
0.00000000099999999941 0.00000000099999999941 0.00000000099999999941 0.00000000099999999941 0.99999999600000000211 
0.00000000099999999902 0.87575185110725417559 0.00000000099999999902 0.00000000099999999902 0.12424814589274588150 
0.00000000099999999904 0.78650021302416017743 0.00000000099999999904 0.00000000099999999904 0.21349978397583999068 
0.23397173140407195868 0.00000000099999999992 0.00000000099999999992 0.00000000099999999992 0.76602826559592818167 
0.00000000099999999923 0.00000000099999999923 0.00000000099999999923 0.00000000099999999923 0.99999999599999989108 
0.99999999599999989108 0.00000000099999999855 0.00000000099999999855 0.00000000099999999855 0.00000000099999999855 
0.00000000099999999936 0.00000000099999999936 0.00000000099999999936 0.00000000099999999936 0.99999999599999989108 
0.84679639036244491734 0.00000000099999999988 0.00000000099999999988 0.00000000099999999988 0.15320360663755519526 
0.92480477724196707978 0.00000000099999999987 0.00000000099999999987 0.00000000099999999987 0.07519521975803299119 
0.03144249549406134825 0.00000000099999999994 0.00000000099999999994 0.00000000099999999994 0.96855750150593866721 
