0.7248514 0.9556308 0.6669082 -1.3274276 0.8390226 0.8201751 -1.3742005 -1.3785108 0.7873546 0.8371419 0.8313301 -1.1895392 0.6637418 0.7137082 0.7311723 -1.3221213 -1.2189112 -1.3338274 0.7446881 -1.3467315 -1.3496833 0.1940859 0.7653048 0.7433528 0.6745108 0.6781107 0.7018048 0.7365013 0.7000911 0.6971484 0.6953852 0.1365941 0.7817189 -1.3596354 -1.3316994 0.1092171 -1.3481351 0.6320762 -1.2183188 0.7023401 -1.2513411 0.1601585 0.7157834 0.8199238 0.7408288 -1.2770081 -1.1788722 -1.1813487 0.1627021 0.1948502 -0.2904074 0.8076368 0.8057359 -1.3726283 0.6935661 0.8114311 -0.7650255 -0.7354532 0.8140888 -1.3733730 -1.3312076 -0.1165320 0.8421475 0.8024523 0.6891294 0.7072269 0.3404525 0.8438420 -1.3516319 0.8627603 -0.9158511 -1.0698515 0.7585434
0.9556308 0.8158547 0.6855401 -1.3528333 0.8563035 0.8362554 -1.3988229 -1.4035981 0.8025914 0.8533773 0.8499231 -1.2102122 0.6771222 0.7258461 0.7442356 -1.3441811 -1.2365974 -1.3562738 0.7591029 -1.3690338 -1.3722810 0.1956850 0.7803351 0.7574698 0.6891058 0.6927612 0.7140710 0.7500988 0.7122003 0.7114232 0.7097120 0.1380240 0.7949593 -1.3827316 -1.3543472 0.1104567 -1.3708299 0.6442955 -1.2358751 0.7171830 -1.2693383 0.1619111 0.7275797 0.8362300 0.7538074 -1.2973667 -1.1980618 -1.1981571 0.1646167 0.1994996 -0.2990032 0.8195057 0.8197755 -1.3975034 0.7044787 0.8263738 -0.7771943 -0.7467523 0.8315998 -1.3987235 -1.3556945 -0.1185363 0.8511270 0.8173625 0.7033751 0.7195506 0.3505071 0.8500324 -1.3766187 0.8754225 -0.9336011 -1.0939733 0.7713261
0.6669082 0.6855401 0.7426403 -1.0580099 0.6888163 0.6777163 -1.0929444 -1.0964715 0.6497135 0.6898834 0.6803486 -0.9165712 0.5254059 0.5625485 0.5807638 -1.0615329 -1.0075060 -1.0765562 0.5939454 -1.0808167 -1.0841179 0.1316335 0.6099123 0.5905638 0.5295331 0.5322928 0.5546609 0.5844240 0.5521175 0.5514710 0.5476669 0.0654130 0.6459022 -1.0912671 -1.0716149 0.0423189 -1.0812995 0.5005282 -1.0064520 0.5544059 -1.0321423 0.0900569 0.5666689 0.6707191 0.5898802 -1.0291659 -0.9539558 -0.9762129 0.0902683 0.2197112 -0.2222547 0.6601616 0.6637431 -1.0920185 0.5718056 0.6712151 -0.6320249 -0.6084156 0.6748826 -1.0920767 -1.0526540 -0.1004827 0.6922705 0.6617711 0.5417786 0.5575501 0.2951700 0.6684354 -1.0711483 0.6686324 -0.7288573 -0.8550540 0.6020689
-1.3274276 -1.3528333 -1.0580099 2.1105831 -1.3917373 -1.3695959 2.6474192 2.6553907 -1.3156008 -1.3922111 -1.3829951 2.3080535 -1.2898346 -1.3462791 -1.3444096 2.3696218 1.7791876 2.3291292 -1.3695551 2.4167092 2.4368191 -0.4102039 -1.3652574 -1.3767672 -1.3555388 -1.3551260 -1.3542827 -1.3760420 -1.3469244 -1.3574358 -1.3521394 -0.6721279 -1.3293957 2.4542401 2.3617764 -0.6415514 2.4537714 -1.2017612 1.7632675 -1.3526142 1.8457618 -0.6499773 -1.3431576 -1.3949759 -1.3648437 2.2400451 2.0132501 1.7113465 -0.6669251 -0.2378181 0.6746780 -1.3330286 -1.3426979 2.6399655 -1.1401670 -1.3352821 1.1024305 1.0635687 -1.3550410 2.6543162 2.5752091 0.3530145 -1.3825353 -1.3328735 -1.3425982 -1.3427045 -0.4860209 -1.3433017 2.6107488 -1.3187197 1.8019882 2.0963609 -1.1948277
0.8390226 0.8563035 0.6888163 -1.3917373 0.8871015 0.8891157 -1.4383056 -1.4431403 0.8563569 0.9378081 0.9013180 -1.2446721 0.6950452 0.7400403 0.7584441 -1.3814620 -1.2658916 -1.3931780 0.7737695 -1.4069554 -1.4105823 0.2084462 0.7943135 0.7739539 0.7045754 0.7079995 0.7327663 0.7690387 0.7298082 0.7289410 0.7252626 0.1453351 0.8476139 -1.4211168 -1.3910550 0.1161780 -1.4095691 0.6564175 -1.2643709 0.7342317 -1.2993538 0.1688054 0.7439611 0.8875268 0.7709702 -1.3331491 -1.2302419 -1.2259277 0.1713399 0.2133690 -0.2955166 0.8591142 0.8624670 -1.4371061 0.7415039 0.8690666 -0.7956590 -0.7649628 0.8911864 -1.4385059 -1.3954176 -0.1088625 0.9060122 0.8627325 0.7175592 0.7341776 0.3465446 0.8493717 -1.4162217 0.8278198 -0.9644908 -1.1306932 0.7618721
0.8201751 0.8362554 0.6777163 -1.3695959 0.8891157 0.8828807 -1.4146875 -1.4200743 0.8439576 0.8893793 0.8923241 -1.2243210 0.6869996 0.7321309 0.7481229 -1.3594910 -1.2456808 -1.3709215 0.7646689 -1.3841580 -1.3879580 0.2083492 0.7841653 0.7669489 0.6994449 0.7018162 0.7223500 0.7582057 0.7208339 0.7197717 0.7193453 0.1500208 0.8281785 -1.3985242 -1.3691531 0.1217503 -1.3865681 0.6489502 -1.2438976 0.7263587 -1.2785126 0.1723642 0.7335643 0.8764030 0.7632645 -1.3115987 -1.2098690 -1.2063159 0.1747494 0.2051875 -0.2931420 0.8364061 0.8420248 -1.4136467 0.7252287 0.8482497 -0.7803069 -0.7501915 0.8658114 -1.4152861 -1.3727193 -0.1123441 0.8739347 0.8397995 0.7114469 0.7322970 0.3404666 0.8300192 -1.3933967 0.8095320 -0.9489020 -1.1135355 0.7517450
-1.3742005 -1.3988229 -1.0929444 2.6474192 -1.4383056 -1.4146875 2.2979624 2.7632544 -1.3586092 -1.4375122 -1.4286796 2.4119816 -1.3313454 -1.3894906 -1.3878518 2.4506612 1.8322037 2.4066193 -1.4140711 2.4974926 2.5200841 -0.4213894 -1.4091467 -1.4209529 -1.3984432 -1.3978583 -1.3973581 -1.4200692 -1.3899473 -1.4001981 -1.3952620 -0.6996853 -1.3731818 2.5375397 2.4426501 -0.6690007 2.5396492 -1.2403378 1.8164587 -1.3962468 1.9011178 -0.6765143 -1.3862658 -1.4404678 -1.4087483 2.3172295 2.0780430 1.7621208 -0.6948090 -0.2441304 0.7015015 -1.3773935 -1.3872511 2.7383509 -1.1776537 -1.3800550 1.1246016 1.0852748 -1.3998927 2.7468503 2.6660826 0.3658139 -1.4281900 -1.3775057 -1.3853447 -1.3849015 -0.5012094 -1.3882251 2.7014582 -1.3628843 1.8647178 2.1664648 -1.2348015
-1.3785108 -1.4035981 -1.0964715 2.6553907 -1.4431403 -1.4200743 2.7632544 2.3964393 -1.3636599 -1.4427160 -1.4336174 2.4113207 -1.3355809 -1.3935783 -1.3920324 2.4580359 1.8431096 2.4173117 -1.4182305 2.5074170 2.5283749 -0.4229200 -1.4135586 -1.4252629 -1.4027532 -1.4022740 -1.4017498 -1.4250581 -1.3944030 -1.4045923 -1.3993597 -0.7011049 -1.3779022 2.5478930 2.4510059 -0.6704577 2.5471485 -1.2433327 1.8266448 -1.4004325 1.9124893 -0.6779913 -1.3904301 -1.4452467 -1.4135025 2.3246000 2.0860870 1.7722962 -0.6961520 -0.2446188 0.7029855 -1.3817624 -1.3922396 2.7463093 -1.1819232 -1.3847535 1.1267406 1.0873502 -1.4048430 2.7553027 2.6750014 0.3679008 -1.4329089 -1.3818170 -1.3894095 -1.3893629 -0.5021842 -1.3929290 2.7100048 -1.3679352 1.8691727 2.1717265 -1.2386048
0.7873546 0.8025914 0.6497135 -1.3156008 0.8563569 0.8439576 -1.3586092 -1.3636599 0.7793289 0.8632590 0.8865784 -1.1689671 0.6563290 0.6987733 0.7197261 -1.3070341 -1.2011011 -1.3189274 0.7332541 -1.3307818 -1.3349613 0.1978679 0.7542158 0.7314132 0.6654603 0.6687316 0.6927335 0.7254744 0.6897950 0.6890629 0.6861796 0.1393002 0.7909833 -1.3446642 -1.3166406 0.1113235 -1.3326401 0.6192065 -1.1993543 0.6933253 -1.2323236 0.1616368 0.7012039 0.8423756 0.7280845 -1.2606035 -1.1631430 -1.1630787 0.1627561 0.1993051 -0.2821034 0.8047794 0.8085821 -1.3576664 0.6948357 0.8133626 -0.7480391 -0.7192656 0.8278899 -1.3588382 -1.3185073 -0.1089837 0.8403584 0.8053657 0.6787874 0.6971957 0.3284292 0.8018448 -1.3377731 0.7789216 -0.9110654 -1.0672129 0.7141731
0.8371419 0.8533773 0.6898834 -1.3922111 0.9378081 0.8893793 -1.4375122 -1.4427160 0.8632590 0.8715508 0.8986207 -1.2452650 0.6934284 0.7387077 0.7579116 -1.3811182 -1.2646110 -1.3923682 0.7727616 -1.4068888 -1.4098978 0.2087302 0.7922102 0.7721751 0.7040426 0.7066472 0.7299415 0.7663913 0.7286700 0.7270525 0.7248849 0.1440644 0.8463664 -1.4206337 -1.3908255 0.1155748 -1.4086127 0.6548135 -1.2631997 0.7313298 -1.2981299 0.1666807 0.7416560 0.8852383 0.7681972 -1.3321834 -1.2289293 -1.2243334 0.1692616 0.2126725 -0.2946334 0.8590788 0.8613043 -1.4361364 0.7413434 0.8700712 -0.7921741 -0.7622981 0.8906245 -1.4376689 -1.3945409 -0.1095720 0.9063931 0.8616636 0.7163277 0.7329727 0.3463400 0.8513166 -1.4161481 0.8260730 -0.9636833 -1.1301163 0.7611470
0.8313301 0.8499231 0.6803486 -1.3829951 0.9013180 0.8923241 -1.4286796 -1.4336174 0.8865784 0.8986207 0.8904936 -1.2331387 0.6920667 0.7371138 0.7552679 -1.3724872 -1.2577839 -1.3838180 0.7694725 -1.3975935 -1.4011282 0.2061749 0.7911255 0.7717184 0.7032872 0.7054057 0.7270977 0.7657721 0.7267500 0.7250804 0.7212276 0.1448882 0.8350155 -1.4115437 -1.3826846 0.1165411 -1.3997467 0.6525488 -1.2559960 0.7314180 -1.2909286 0.1679686 0.7384037 0.8888487 0.7673175 -1.3241837 -1.2214653 -1.2177991 0.1711599 0.2067876 -0.2954605 0.8507725 0.8511243 -1.4271901 0.7323620 0.8590675 -0.7890939 -0.7590249 0.8773528 -1.4291438 -1.3874094 -0.1126403 0.8883149 0.8486776 0.7153217 0.7335550 0.3425862 0.8414583 -1.4074454 0.8188314 -0.9593473 -1.1245568 0.7525538
-1.1895392 -1.2102122 -0.9165712 2.3080535 -1.2446721 -1.2243210 2.4119816 2.4113207 -1.1689671 -1.2452650 -1.2331387 1.9610065 -1.1653675 -1.2149261 -1.2099826 2.1285448 1.5769538 2.0898345 -1.2318746 2.1702728 2.1890514 -0.4003266 -1.2271506 -1.2414968 -1.2261398 -1.2256783 -1.2224408 -1.2410897 -1.2165941 -1.2254962 -1.2211477 -0.6327574 -1.1913590 2.2050824 2.1218867 -0.6074846 2.2085106 -1.0857992 1.5601904 -1.2223541 1.6372814 -0.6088118 -1.2113022 -1.2486695 -1.2306920 2.0114141 1.8043624 1.5145788 -0.6263978 -0.2079829 0.5945889 -1.1878062 -1.2039528 2.3856745 -1.0164895 -1.1983638 0.9641995 0.9315244 -1.2126366 2.3946052 2.3250959 0.2953039 -1.2423095 -1.1948314 -1.2138828 -1.2114568 -0.4733090 -1.2047246 2.3503776 -1.1814873 1.6251720 1.8905305 -1.0695194
0.6637418 0.6771222 0.5254059 -1.2898346 0.6950452 0.6869996 -1.3313454 -1.3355809 0.6563290 0.6934284 0.6920667 -1.1653675 0.9650503 0.7479521 0.7353865 -1.2691524 -1.1549473 -1.2803395 0.7514445 -1.2924545 -1.2972968 0.2309674 0.7395565 0.7669929 0.8290305 0.8247402 0.8095470 0.7789344 0.8140146 0.8225635 0.8141269 0.3221077 0.6732234 -1.3088162 -1.2778200 0.2954509 -1.2970786 0.6721852 -1.1528150 0.8179562 -1.1880597 0.3054869 0.7587805 0.7094515 0.7607737 -1.2219555 -1.1223413 -1.1172780 0.3190331 0.1047264 -0.3450589 0.6665668 0.6713351 -1.3302081 0.5652156 0.6590880 -0.6942790 -0.6651031 0.6724856 -1.3317598 -1.2923748 -0.1880202 0.6826167 0.6625869 0.8036175 0.8017254 0.2373492 0.6750090 -1.3124416 0.6653127 -0.9165713 -1.0608180 0.5964132
0.7137082 0.7258461 0.5625485 -1.3462791 0.7400403 0.7321309 -1.3894906 -1.3935783 0.6987733 0.7387077 0.7371138 -1.2149261 0.7479521 0.9596139 0.8536853 -1.3260674 -1.2077600 -1.3367437 0.8767105 -1.3511672 -1.3550121 0.2980570 0.8205481 0.8499177 0.7759187 0.7746527 0.8138213 0.8357205 0.7968342 0.8017963 0.8004465 0.2766045 0.7172109 -1.3666019 -1.3353398 0.2520509 -1.3545567 0.7682610 -1.2066534 0.7857091 -1.2426673 0.2740812 0.8424665 0.7576442 0.8162853 -1.2792910 -1.1765953 -1.1687598 0.2803158 0.1225869 -0.3513812 0.7123520 0.7132356 -1.3878254 0.6072299 0.7004508 -0.7439746 -0.7147512 0.7183131 -1.3900931 -1.3482058 -0.1858973 0.7292510 0.7061673 0.7504807 0.7751545 0.2629893 0.7214352 -1.3695704 0.7096927 -0.9524953 -1.1049703 0.6403061
0.7311723 0.7442356 0.5807638 -1.3444096 0.7584441 0.7481229 -1.3878518 -1.3920324 0.7197261 0.7579116 0.7552679 -1.2099826 0.7353865 0.8536853 0.9637284 -1.3238876 -1.2122701 -1.3359522 0.9356850 -1.3498363 -1.3536310 0.3015792 0.8539042 0.8519735 0.7718235 0.7699841 0.8020699 0.8377883 0.7923168 0.7919355 0.7931911 0.1748382 0.7341915 -1.3648133 -1.3368661 0.1396664 -1.3531303 0.7578220 -1.2125938 0.7789962 -1.2467126 0.1851220 0.8365622 0.7759300 0.8224200 -1.2793344 -1.1798660 -1.1757689 0.1909441 0.1347593 -0.3404677 0.7322123 0.7315899 -1.3863598 0.6245680 0.7202300 -0.7595947 -0.7291216 0.7351701 -1.3878047 -1.3458352 -0.1743847 0.7463912 0.7215472 0.7483734 0.7663743 0.2785362 0.7403877 -1.3677673 0.7271029 -0.9474423 -1.1009029 0.6585829
-1.3221213 -1.3441811 -1.0615329 2.3696218 -1.3814620 -1.3594910 2.4506612 2.4580359 -1.3070341 -1.3811182 -1.3724872 2.1285448 -1.2691524 -1.3260674 -1.3238876 2.2431691 2.0083668 2.4036086 -1.3505106 2.4693856 2.4759228 -0.3720010 -1.3453984 -1.3548344 -1.3332080 -1.3328381 -1.3330140 -1.3545419 -1.3255466 -1.3352295 -1.3298496 -0.6394402 -1.3117534 2.4887872 2.4097753 -0.6085827 2.4593885 -1.1794975 1.9851170 -1.3331743 2.0647333 -0.6226372 -1.3236383 -1.3788007 -1.3434806 2.2576210 2.0300870 1.9278908 -0.6383741 -0.2828377 0.5767031 -1.3243481 -1.3331914 2.4484422 -1.1403023 -1.3271391 1.1338336 1.0907350 -1.3452109 2.4523699 2.3789473 0.2748142 -1.3723582 -1.3240016 -1.3275076 -1.3274522 -0.5195621 -1.3348314 2.4146781 -1.3120878 1.6523403 1.9285066 -1.1916472
-1.2189112 -1.2365974 -1.0075060 1.7791876 -1.2658916 -1.2456808 1.8322037 1.8431096 -1.2011011 -1.2646110 -1.2577839 1.5769538 -1.1549473 -1.2077600 -1.2122701 2.0083668 2.8781869 2.2349365 -1.2366830 2.0532188 2.0097766 -0.3915465 -1.2333132 -1.2398909 -1.2144616 -1.2141782 -1.2170252 -1.2388473 -1.2075886 -1.2186936 -1.2135813 -0.5245036 -1.1995877 2.0260918 2.0833881 -0.4936765 1.9281307 -1.0596538 3.1586442 -1.2147796 3.2457349 -0.5157546 -1.2071146 -1.2622281 -1.2294073 1.9493015 1.9513928 3.0492597 -0.5292530 -0.3681779 0.3139402 -1.2177857 -1.2225605 1.8447694 -1.0646875 -1.2158349 1.2488841 1.1895013 -1.2336245 1.8303008 1.7676421 0.0716614 -1.2582322 -1.2142166 -1.2086550 -1.2103571 -0.5688006 -1.2267778 1.8004588 -1.2083025 1.2000217 1.4207363 -1.1062807
-1.3338274 -1.3562738 -1.0765562 2.3291292 -1.3931780 -1.3709215 2.4066193 2.4173117 -1.3189274 -1.3923682 -1.3838180 2.0898345 -1.2803395 -1.3367437 -1.3359522 2.4036086 2.2349365 2.3767602 -1.3608358 2.4545116 2.4486275 -0.3863670 -1.3571041 -1.3668383 -1.3451029 -1.3446647 -1.3442500 -1.3667042 -1.3362631 -1.3465079 -1.3414232 -0.6470860 -1.3191907 2.4631491 2.4195750 -0.6162661 2.4165163 -1.1783538 2.2049372 -1.3438156 2.2868261 -0.6295786 -1.3346870 -1.3904138 -1.3570493 2.2404349 2.0548277 2.1455359 -0.6455718 -0.3018976 0.5485113 -1.3364165 -1.3449062 2.4083765 -1.1540686 -1.3380954 1.1602359 1.1142305 -1.3563316 2.4098318 2.3351173 0.2493749 -1.3837273 -1.3351805 -1.3384649 -1.3390139 -0.5402400 -1.3469490 2.3708358 -1.3233000 1.6180493 1.8907872 -1.2048792
0.7446881 0.7591029 0.5939454 -1.3695551 0.7737695 0.7646689 -1.4140711 -1.4182305 0.7332541 0.7727616 0.7694725 -1.2318746 0.7514445 0.8767105 0.9356850 -1.3505106 -1.2366830 -1.3608358 0.9895689 -1.3761181 -1.3792508 0.3045456 0.8758098 0.8739333 0.7841694 0.7859972 0.8241691 0.8600077 0.8080809 0.8089821 0.8124294 0.1680307 0.7503415 -1.3910605 -1.3634392 0.1298012 -1.3798194 0.7744231 -1.2377726 0.7965228 -1.2723498 0.1795753 0.8541586 0.7931671 0.8393222 -1.3046900 -1.2032450 -1.1994979 0.1846015 0.1366318 -0.3485638 0.7438080 0.7445378 -1.4127589 0.6353550 0.7333811 -0.7775027 -0.7467670 0.7494425 -1.4143209 -1.3708975 -0.1779250 0.7601731 0.7345099 0.7582067 0.7805398 0.2818015 0.7540628 -1.3932586 0.7412461 -0.9663650 -1.1222891 0.6689894
-1.3467315 -1.3690338 -1.0808167 2.4167092 -1.4069554 -1.3841580 2.4974926 2.5074170 -1.3307818 -1.4068888 -1.3975935 2.1702728 -1.2924545 -1.3511672 -1.3498363 2.4693856 2.0532188 2.4545116 -1.3761181 2.3355696 2.5159099 -0.3710276 -1.3718245 -1.3820250 -1.3595117 -1.3591015 -1.3588305 -1.3815718 -1.3517864 -1.3615531 -1.3552585 -0.6533109 -1.3367211 2.5338066 2.4506786 -0.6202423 2.5068412 -1.2014606 2.0301023 -1.3580911 2.1122921 -0.6351104 -1.3483739 -1.4043566 -1.3714410 2.3037870 2.0707603 1.9732159 -0.6508830 -0.2866326 0.5889614 -1.3488959 -1.3579891 2.4985149 -1.1608305 -1.3506132 1.1501373 1.1063654 -1.3696564 2.5014718 2.4235454 0.2842880 -1.3978473 -1.3480227 -1.3519379 -1.3524714 -0.5317743 -1.3591555 2.4622579 -1.3365657 1.6843371 1.9653927 -1.2140129
-1.3496833 -1.3722810 -1.0841179 2.4368191 -1.4105823 -1.3879580 2.5200841 2.5283749 -1.3349613 -1.4098978 -1.4011282 2.1890514 -1.2972968 -1.3550121 -1.3536310 2.4759228 2.0097766 2.4486275 -1.3792508 2.5159099 2.2955322 -0.3856553 -1.3749346 -1.3856885 -1.3623483 -1.3620346 -1.3622391 -1.3846266 -1.3550266 -1.3648348 -1.3592138 -0.6610615 -1.3404419 2.5631361 2.4696159 -0.6289200 2.5315247 -1.2042915 1.9941646 -1.3619403 2.0744462 -0.6412556 -1.3526366 -1.4083298 -1.3752344 2.3240690 2.0825336 1.9342083 -0.6593935 -0.2873958 0.5982479 -1.3521942 -1.3618650 2.5190656 -1.1628330 -1.3548133 1.1508641 1.1070316 -1.3732886 2.5224919 2.4457507 0.2891555 -1.4009318 -1.3513962 -1.3553755 -1.3561889 -0.5300205 -1.3630794 2.4830554 -1.3402529 1.6999668 1.9840289 -1.2168032
0.1940859 0.1956850 0.1316335 -0.4102039 0.2084462 0.2083492 -0.4213894 -0.4229200 0.1978679 0.2087302 0.2061749 -0.4003266 0.2309674 0.2980570 0.3015792 -0.3720010 -0.3915465 -0.3863670 0.3045456 -0.3710276 -0.3856553 0.6936713 0.2806266 0.3043669 0.2373847 0.2397426 0.2671762 0.2948442 0.2583310 0.2570209 0.2589374 -0.0422724 0.2119838 -0.3907332 -0.3861668 -0.0628953 -0.3875079 0.2668171 -0.3953258 0.2459981 -0.4032069 -0.0311193 0.2870153 0.2225312 0.2777790 -0.3856940 -0.3656931 -0.3808742 -0.0221572 -0.0109077 -0.1054424 0.2034920 0.2000626 -0.4200948 0.1771045 0.1934971 -0.2824321 -0.2711261 0.2000756 -0.4222077 -0.4205306 -0.0727952 0.2046923 0.1942432 0.2222582 0.2389301 0.1086433 0.1994982 -0.4262651 0.1970916 -0.2940476 -0.3424447 0.1785611
0.7653048 0.7803351 0.6099123 -1.3652574 0.7943135 0.7841653 -1.4091467 -1.4135586 0.7542158 0.7922102 0.7911255 -1.2271506 0.7395565 0.8205481 0.8539042 -1.3453984 -1.2333132 -1.3571041 0.8758098 -1.3718245 -1.3749346 0.2806266 0.9329530 0.8457884 0.7676150 0.7686327 0.7998721 0.8389978 0.7908452 0.7944531 0.7933997 0.1804416 0.7665911 -1.3867513 -1.3588203 0.1411652 -1.3749813 0.7206299 -1.2332712 0.7757891 -1.2685765 0.1882287 0.8077204 0.8090931 0.8199306 -1.2996278 -1.1995578 -1.1959339 0.1922855 0.1530858 -0.3347831 0.7614198 0.7614906 -1.4077441 0.6537142 0.7544498 -0.7739873 -0.7433609 0.7685635 -1.4091687 -1.3647496 -0.1648439 0.7824655 0.7534749 0.7406803 0.7634742 0.3019081 0.7748995 -1.3880948 0.7599193 -0.9580099 -1.1156664 0.6872185
0.7433528 0.7574698 0.5905638 -1.3767672 0.7739539 0.7669489 -1.4209529 -1.4252629 0.7314132 0.7721751 0.7717184 -1.2414968 0.7669929 0.8499177 0.8519735 -1.3548344 -1.2398909 -1.3668383 0.8739333 -1.3820250 -1.3856885 0.3043669 0.8457884 0.9436947 0.8078079 0.8103266 0.8380990 0.8955658 0.8268040 0.8336278 0.8336112 0.1816951 0.7513220 -1.3974988 -1.3689383 0.1423182 -1.3846134 0.7594795 -1.2403796 0.8190451 -1.2758455 0.1883176 0.8470145 0.7968468 0.8752561 -1.3097237 -1.2062126 -1.2023644 0.1953011 0.1365110 -0.3514189 0.7443603 0.7436323 -1.4199299 0.6352894 0.7357783 -0.7746548 -0.7426944 0.7521213 -1.4215003 -1.3777879 -0.1810715 0.7598218 0.7359680 0.7830833 0.8075016 0.2850395 0.7536571 -1.3999734 0.7377980 -0.9709228 -1.1287956 0.6677529
0.6745108 0.6891058 0.5295331 -1.3555388 0.7045754 0.6994449 -1.3984432 -1.4027532 0.6654603 0.7040426 0.7032872 -1.2261398 0.8290305 0.7759187 0.7718235 -1.3332080 -1.2144616 -1.3451029 0.7841694 -1.3595117 -1.3623483 0.2373847 0.7676150 0.8078079 0.7379674 1.2526704 0.8687451 0.8228422 0.8710979 0.8932623 0.8823016 0.2131274 0.6991833 -1.3747805 -1.3456427 0.1755132 -1.3626481 0.7020185 -1.2148217 0.8959717 -1.2512047 0.2144734 0.7989984 0.7258217 0.7995302 -1.2853986 -1.1802107 -1.1786927 0.2218629 0.0928521 -0.3737511 0.6776066 0.6851395 -1.3968431 0.5686982 0.6675532 -0.7459655 -0.7063205 0.6819655 -1.3985217 -1.3571520 -0.2101449 0.6937647 0.6823144 1.1986676 0.8630297 0.2314425 0.6844608 -1.3789546 0.6785193 -0.9667246 -1.1154914 0.6061521
0.6781107 0.6927612 0.5322928 -1.3551260 0.7079995 0.7018162 -1.3978583 -1.4022740 0.6687316 0.7066472 0.7054057 -1.2256783 0.8247402 0.7746527 0.7699841 -1.3328381 -1.2141782 -1.3446647 0.7859972 -1.3591015 -1.3620346 0.2397426 0.7686327 0.8103266 1.2526704 0.9062798 0.8652627 0.8220353 0.8676105 0.8895175 0.8794706 0.2122667 0.7008127 -1.3744549 -1.3453817 0.1756473 -1.3623766 0.7008477 -1.2146035 0.8911741 -1.2506243 0.2139953 0.7972781 0.7287299 0.8011464 -1.2853994 -1.1804162 -1.1787592 0.2214063 0.0944203 -0.3725027 0.6797462 0.6873304 -1.3962829 0.5711409 0.6699782 -0.7460548 -0.7068855 0.6852250 -1.3979945 -1.3567369 -0.2081291 0.6970893 0.6843778 1.1828562 0.8590133 0.2332960 0.6875944 -1.3784499 0.6808710 -0.9658238 -1.1151376 0.6087116
0.7018048 0.7140710 0.5546609 -1.3542827 0.7327663 0.7223500 -1.3973581 -1.4017498 0.6927335 0.7299415 0.7270977 -1.2224408 0.8095470 0.8138213 0.8020699 -1.3330140 -1.2170252 -1.3442500 0.8241691 -1.3588305 -1.3622391 0.2671762 0.7998721 0.8380990 0.8687451 0.8652627 0.8185362 0.8493183 0.8818194 0.9077241 0.9063026 0.2102096 0.7128035 -1.3739247 -1.3447839 0.1722783 -1.3619232 0.7462704 -1.2159178 0.8634490 -1.2521284 0.2131764 0.8522166 0.7516248 0.8248293 -1.2856421 -1.1837906 -1.1787285 0.2211808 0.1110380 -0.3614035 0.7027596 0.7075044 -1.3961678 0.5941252 0.6922736 -0.7524706 -0.7209633 0.7083906 -1.3976170 -1.3558109 -0.1955164 0.7188468 0.6971779 0.8377807 0.8739261 0.2532540 0.7110261 -1.3777628 0.7047895 -0.9607639 -1.1125669 0.6312788
0.7365013 0.7500988 0.5844240 -1.3760420 0.7690387 0.7582057 -1.4200692 -1.4250581 0.7254744 0.7663913 0.7657721 -1.2410897 0.7789344 0.8357205 0.8377883 -1.3545419 -1.2388473 -1.3667042 0.8600077 -1.3815718 -1.3846266 0.2948442 0.8389978 0.8955658 0.8228422 0.8220353 0.8493183 0.7936976 0.8422350 0.8505830 0.8465024 0.1876630 0.7470961 -1.3967036 -1.3676627 0.1468882 -1.3842142 0.7482604 -1.2386881 0.8403909 -1.2746066 0.1929639 0.8388392 0.7903581 0.8800298 -1.3082348 -1.2049198 -1.2008245 0.1993518 0.1293463 -0.3544933 0.7375782 0.7401820 -1.4188932 0.6294242 0.7295024 -0.7709845 -0.7387825 0.7455035 -1.4204977 -1.3774879 -0.1842518 0.7552023 0.7306076 0.7966585 0.8227848 0.2771873 0.7472271 -1.3992712 0.7343380 -0.9713180 -1.1290534 0.6639107
0.7000911 0.7122003 0.5521175 -1.3469244 0.7298082 0.7208339 -1.3899473 -1.3944030 0.6897950 0.7286700 0.7267500 -1.2165941 0.8140146 0.7968342 0.7923168 -1.3255466 -1.2075886 -1.3362631 0.8080809 -1.3517864 -1.3550266 0.2583310 0.7908452 0.8268040 0.8710979 0.8676105 0.8818194 0.8422350 0.8210397 0.8860550 0.8858407 0.2196343 0.7109424 -1.3665246 -1.3371348 0.1834013 -1.3539782 0.7237466 -1.2067590 0.8639634 -1.2426457 0.2194454 0.8201956 0.7505469 0.8265421 -1.2786391 -1.1755109 -1.1708010 0.2281991 0.1139111 -0.3557221 0.7009655 0.7066134 -1.3887005 0.5946179 0.6920213 -0.7410603 -0.7097550 0.7066404 -1.3902721 -1.3488967 -0.1935739 0.7178709 0.6954741 0.8388033 0.8629758 0.2534433 0.7090745 -1.3700327 0.7015447 -0.9561052 -1.1064353 0.6271883
0.6971484 0.7114232 0.5514710 -1.3574358 0.7289410 0.7197717 -1.4001981 -1.4045923 0.6890629 0.7270525 0.7250804 -1.2254962 0.8225635 0.8017963 0.7919355 -1.3352295 -1.2186936 -1.3465079 0.8089821 -1.3615531 -1.3648348 0.2570209 0.7944531 0.8336278 0.8932623 0.8895175 0.9077241 0.8505830 0.8860550 0.8577311 0.9248741 0.2094910 0.7126139 -1.3770391 -1.3471892 0.1709581 -1.3640064 0.7357585 -1.2183288 0.8840326 -1.2536246 0.2104708 0.8298175 0.7509561 0.8275742 -1.2874337 -1.1845851 -1.1813202 0.2202266 0.1074908 -0.3634704 0.7002947 0.7068210 -1.3991330 0.5939892 0.6907884 -0.7503203 -0.7181202 0.7053986 -1.4003315 -1.3587548 -0.1975463 0.7158639 0.6961990 0.8601108 0.9304844 0.2496634 0.7098080 -1.3805467 0.7044634 -0.9636679 -1.1155353 0.6271021
0.6953852 0.7097120 0.5476669 -1.3521394 0.7252626 0.7193453 -1.3952620 -1.3993597 0.6861796 0.7248849 0.7212276 -1.2211477 0.8141269 0.8004465 0.7931911 -1.3298496 -1.2135813 -1.3414232 0.8124294 -1.3552585 -1.3592138 0.2589374 0.7933997 0.8336112 0.8823016 0.8794706 0.9063026 0.8465024 0.8858407 0.9248741 0.8393198 0.2177636 0.7082362 -1.3709466 -1.3424482 0.1801124 -1.3580369 0.7340066 -1.2122564 0.8764521 -1.2488492 0.2186717 0.8343162 0.7447276 0.8247930 -1.2827986 -1.1797820 -1.1763526 0.2291520 0.1082064 -0.3628067 0.6952444 0.7024804 -1.3936285 0.5896503 0.6856617 -0.7457271 -0.7140013 0.7030212 -1.3951727 -1.3534286 -0.1978750 0.7124111 0.6934001 0.8483284 0.8965979 0.2491213 0.7047190 -1.3750740 0.7001815 -0.9592330 -1.1112646 0.6244040
0.1365941 0.1380240 0.0654130 -0.6721279 0.1453351 0.1500208 -0.6996853 -0.7011049 0.1393002 0.1440644 0.1448882 -0.6327574 0.3221077 0.2766045 0.1748382 -0.6394402 -0.5245036 -0.6470860 0.1680307 -0.6533109 -0.6610615 -0.0422724 0.1804416 0.1816951 0.2131274 0.2122667 0.2102096 0.1876630 0.2196343 0.2094910 0.2177636 1.6626220 0.1609696 -0.6704229 -0.5933918 2.1911960 -0.6599466 0.1487618 -0.5060549 0.2137062 -0.5386603 1.8112401 0.1720774 0.1527061 0.1759560 -0.5780106 -0.4931901 -0.4682470 1.8622389 -0.0980313 -0.2937570 0.1555196 0.1691859 -0.6963285 0.1041742 0.1417149 0.0691200 0.0497668 0.1438063 -0.7013668 -0.6882373 -0.2294034 0.1408594 0.1527160 0.1958883 0.1910594 -0.0476751 0.1416710 -0.6923127 0.1372621 -0.5234671 -0.5772020 0.1141207
0.7817189 0.7949593 0.6459022 -1.3293957 0.8476139 0.8281785 -1.3731818 -1.3779022 0.7909833 0.8463664 0.8350155 -1.1913590 0.6732234 0.7172109 0.7341915 -1.3117534 -1.1995877 -1.3191907 0.7503415 -1.3367211 -1.3404419 0.2119838 0.7665911 0.7513220 0.6991833 0.7008127 0.7128035 0.7470961 0.7109424 0.7126139 0.7082362 0.1609696 0.7297921 -1.3505129 -1.3221316 0.1278937 -1.3390298 0.6295654 -1.1983774 0.7086919 -1.2324023 0.1749867 0.7119139 0.8386545 0.7378390 -1.2661493 -1.1674172 -1.1613591 0.1774314 0.1904121 -0.2913696 0.8033939 0.8046231 -1.3718069 0.6913137 0.8196104 -0.7533865 -0.7240360 0.8315779 -1.3734263 -1.3329005 -0.1151156 0.8444498 0.8013609 0.6840314 0.6950058 0.3189374 0.7916363 -1.3523699 0.7748205 -0.9245598 -1.0823760 0.7104049
-1.3596354 -1.3827316 -1.0912671 2.4542401 -1.4211168 -1.3985242 2.5375397 2.5478930 -1.3446642 -1.4206337 -1.4115437 2.2050824 -1.3088162 -1.3666019 -1.3648133 2.4887872 2.0260918 2.4631491 -1.3910605 2.5338066 2.5631361 -0.3907332 -1.3867513 -1.3974988 -1.3747805 -1.3744549 -1.3739247 -1.3967036 -1.3665246 -1.3770391 -1.3709466 -0.6704229 -1.3505129 1.9564801 2.4957941 -0.6363363 2.5620875 -1.2137041 2.0116012 -1.3719941 2.0968530 -0.6496416 -1.3616954 -1.4183086 -1.3853011 2.3531599 2.1037009 1.9508125 -0.6653832 -0.2895887 0.6018378 -1.3626180 -1.3719562 2.5377960 -1.1728206 -1.3643550 1.1551896 1.1122162 -1.3840050 2.5415876 2.4638610 0.2898171 -1.4116888 -1.3612303 -1.3665240 -1.3663139 -0.5327363 -1.3736041 2.5007992 -1.3496530 1.7114118 1.9980005 -1.2259039
-1.3316994 -1.3543472 -1.0716149 2.3617764 -1.3910550 -1.3691531 2.4426501 2.4510059 -1.3166406 -1.3908255 -1.3826846 2.1218867 -1.2778200 -1.3353398 -1.3368661 2.4097753 2.0833881 2.4195750 -1.3634392 2.4506786 2.4696159 -0.3861668 -1.3588203 -1.3689383 -1.3456427 -1.3453817 -1.3447839 -1.3676627 -1.3371348 -1.3471892 -1.3424482 -0.5933918 -1.3221316 2.4957941 1.8862828 -0.5541054 2.4526486 -1.1872561 2.0627515 -1.3432592 2.1451955 -0.5812911 -1.3339202 -1.3893033 -1.3566885 2.2561877 2.0427439 2.0054612 -0.5968075 -0.2927061 0.5676718 -1.3342930 -1.3431897 2.4442358 -1.1501894 -1.3363198 1.1496482 1.1044270 -1.3544306 2.4454434 2.3694971 0.2648829 -1.3823404 -1.3330625 -1.3371676 -1.3376781 -0.5294482 -1.3448892 2.4063692 -1.3227677 1.6445047 1.9221811 -1.2020156
0.1092171 0.1104567 0.0423189 -0.6415514 0.1161780 0.1217503 -0.6690007 -0.6704577 0.1113235 0.1155748 0.1165411 -0.6074846 0.2954509 0.2520509 0.1396664 -0.6085827 -0.4936765 -0.6162661 0.1298012 -0.6202423 -0.6289200 -0.0628953 0.1411652 0.1423182 0.1755132 0.1756473 0.1722783 0.1468882 0.1834013 0.1709581 0.1801124 2.1911960 0.1278937 -0.6363363 -0.5541054 1.7774338 -0.6250343 0.1244970 -0.4742323 0.1870982 -0.5065199 1.9178129 0.1456469 0.1248629 0.1448329 -0.5422583 -0.4583946 -0.4351680 1.9697524 -0.1084313 -0.2923877 0.1290501 0.1432569 -0.6652226 0.0788267 0.1148185 0.1146359 0.0928669 0.1151413 -0.6707980 -0.6593276 -0.2327660 0.1131254 0.1264409 0.1678974 0.1600373 -0.0658977 0.1130514 -0.6624466 0.1092208 -0.5057077 -0.5543225 0.0880485
-1.3481351 -1.3708299 -1.0812995 2.4537714 -1.4095691 -1.3865681 2.5396492 2.5471485 -1.3326401 -1.4086127 -1.3997467 2.2085106 -1.2970786 -1.3545567 -1.3531303 2.4593885 1.9281307 2.4165163 -1.3798194 2.5068412 2.5315247 -0.3875079 -1.3749813 -1.3846134 -1.3626481 -1.3623766 -1.3619232 -1.3842142 -1.3539782 -1.3640064 -1.3580369 -0.6599466 -1.3390298 2.5620875 2.4526486 -0.6250343 1.9286020 -1.2040117 1.9176335 -1.3594264 1.9932445 -0.6405076 -1.3506893 -1.4059526 -1.3725507 2.3869200 2.1047239 1.8601507 -0.6566118 -0.2787022 0.6080644 -1.3506092 -1.3605757 2.5372341 -1.1599470 -1.3531858 1.1579338 1.1136793 -1.3716367 2.5413287 2.4643097 0.2969628 -1.4000274 -1.3497921 -1.3541601 -1.3538591 -0.5217353 -1.3619156 2.5022092 -1.3385665 1.7154009 1.9991935 -1.2144849
0.6320762 0.6442955 0.5005282 -1.2017612 0.6564175 0.6489502 -1.2403378 -1.2433327 0.6192065 0.6548135 0.6525488 -1.0857992 0.6721852 0.7682610 0.7578220 -1.1794975 -1.0596538 -1.1783538 0.7744231 -1.2014606 -1.2042915 0.2668171 0.7206299 0.7594795 0.7020185 0.7008477 0.7462704 0.7482604 0.7237466 0.7357585 0.7340066 0.1487618 0.6295654 -1.2137041 -1.1872561 0.1244970 -1.2040117 0.7712160 -1.0566331 0.7303177 -1.0902385 0.1654314 0.7837779 0.6769951 0.7439018 -1.1358258 -1.0434717 -1.0257008 0.1702938 0.1054403 -0.3159441 0.6314994 0.6325617 -1.2383626 0.5380468 0.6222972 -0.6720655 -0.6453591 0.6339893 -1.2401574 -1.2031320 -0.1670665 0.6459464 0.6255855 0.6907404 0.7222414 0.2342361 0.6411984 -1.2216790 0.6319597 -0.8501360 -0.9866233 0.5704598
-1.2183188 -1.2358751 -1.0064520 1.7632675 -1.2643709 -1.2438976 1.8164587 1.8266448 -1.1993543 -1.2631997 -1.2559960 1.5601904 -1.1528150 -1.2066534 -1.2125938 1.9851170 3.1586442 2.2049372 -1.2377726 2.0301023 1.9941646 -0.3953258 -1.2332712 -1.2403796 -1.2148217 -1.2146035 -1.2159178 -1.2386881 -1.2067590 -1.2183288 -1.2122564 -0.5060549 -1.1983774 2.0116012 2.0627515 -0.4742323 1.9176335 -1.0566331 2.4522569 -1.2121078 3.1985230 -0.4987824 -1.2057563 -1.2603623 -1.2280427 1.9699585 1.9892946 3.1015491 -0.5104365 -0.3739170 0.3049745 -1.2165455 -1.2211320 1.8276976 -1.0642331 -1.2143272 1.3020873 1.2391694 -1.2314836 1.8122898 1.7509998 0.0657545 -1.2561226 -1.2122512 -1.2076548 -1.2088349 -0.5714433 -1.2258173 1.7835070 -1.2066466 1.1886441 1.4064028 -1.1054271
0.7023401 0.7171830 0.5544059 -1.3526142 0.7342317 0.7263587 -1.3962468 -1.4004325 0.6933253 0.7313298 0.7314180 -1.2223541 0.8179562 0.7857091 0.7789962 -1.3331743 -1.2147796 -1.3438156 0.7965228 -1.3580911 -1.3619403 0.2459981 0.7757891 0.8190451 0.8959717 0.8911741 0.8634490 0.8403909 0.8639634 0.8840326 0.8764521 0.2137062 0.7086919 -1.3719941 -1.3432592 0.1870982 -1.3594264 0.7303177 -1.2121078 0.8697169 -1.2484065 0.2243793 0.8206207 0.7562792 0.8263792 -1.2826955 -1.1763750 -1.1753078 0.2323184 0.1119604 -0.3601248 0.7036381 0.7118976 -1.3947166 0.5973673 0.6971341 -0.7446384 -0.7121131 0.7102728 -1.3959041 -1.3545433 -0.1931134 0.7228224 0.7029290 0.8760436 0.8681555 0.2537570 0.7132887 -1.3761910 0.7069608 -0.9588616 -1.1112583 0.6316401
-1.2513411 -1.2693383 -1.0321423 1.8457618 -1.2993538 -1.2785126 1.9011178 1.9124893 -1.2323236 -1.2981299 -1.2909286 1.6372814 -1.1880597 -1.2426673 -1.2467126 2.0647333 3.2457349 2.2868261 -1.2723498 2.1122921 2.0744462 -0.4032069 -1.2685765 -1.2758455 -1.2512047 -1.2506243 -1.2521284 -1.2746066 -1.2426457 -1.2536246 -1.2488492 -0.5386603 -1.2324023 2.0968530 2.1451955 -0.5065199 1.9932445 -1.0902385 3.1985230 -1.2484065 1.9423448 -0.5293612 -1.2402304 -1.2960107 -1.2639736 2.0080864 2.0011339 3.0805042 -0.5430381 -0.3732167 0.3326683 -1.2498080 -1.2552699 1.9128889 -1.0920228 -1.2483073 1.2751629 1.2148367 -1.2659272 1.8986508 1.8345412 0.0829904 -1.2912791 -1.2459743 -1.2434036 -1.2441676 -0.5795323 -1.2586381 1.8688301 -1.2400267 1.2468101 1.4750062 -1.1351408
0.1601585 0.1619111 0.0900569 -0.6499773 0.1688054 0.1723642 -0.6765143 -0.6779913 0.1616368 0.1666807 0.1679686 -0.6088118 0.3054869 0.2740812 0.1851220 -0.6226372 -0.5157546 -0.6295786 0.1795753 -0.6351104 -0.6412556 -0.0311193 0.1882287 0.1883176 0.2144734 0.2139953 0.2131764 0.1929639 0.2194454 0.2104708 0.2186717 1.8112401 0.1749867 -0.6496416 -0.5812911 1.9178129 -0.6405076 0.1654314 -0.4987824 0.2243793 -0.5293612 1.2330731 0.1899757 0.1755314 0.1906654 -0.5648851 -0.4862735 -0.4636157 1.6388538 -0.0749775 -0.2694543 0.1749226 0.1870372 -0.6733239 0.1242835 0.1638182 0.0123072 -0.0021029 0.1662827 -0.6774713 -0.6643715 -0.2050882 0.1652153 0.1727569 0.2077602 0.2015416 -0.0257054 0.1637160 -0.6693329 0.1592884 -0.5006367 -0.5557114 0.1352173
0.7157834 0.7275797 0.5666689 -1.3431576 0.7439611 0.7335643 -1.3862658 -1.3904301 0.7012039 0.7416560 0.7384037 -1.2113022 0.7587805 0.8424665 0.8365622 -1.3236383 -1.2071146 -1.3346870 0.8541586 -1.3483739 -1.3526366 0.2870153 0.8077204 0.8470145 0.7989984 0.7972781 0.8522166 0.8388392 0.8201956 0.8298175 0.8343162 0.1720774 0.7119139 -1.3616954 -1.3339202 0.1456469 -1.3506893 0.7837779 -1.2057563 0.8206207 -1.2402304 0.1899757 0.7670586 0.7656851 0.8327727 -1.2762998 -1.1745908 -1.1687706 0.1969993 0.1233150 -0.3495210 0.7151582 0.7167683 -1.3851957 0.6083003 0.7055636 -0.7526913 -0.7217760 0.7196118 -1.3862116 -1.3447591 -0.1829005 0.7318384 0.7075135 0.7848473 0.8190631 0.2688813 0.7245665 -1.3665504 0.7124009 -0.9487181 -1.1017008 0.6432187
0.8199238 0.8362300 0.6707191 -1.3949759 0.8875268 0.8764030 -1.4404678 -1.4452467 0.8423756 0.8852383 0.8888487 -1.2486695 0.7094515 0.7576442 0.7759300 -1.3788007 -1.2622281 -1.3904138 0.7931671 -1.4043566 -1.4083298 0.2225312 0.8090931 0.7968468 0.7258217 0.7287299 0.7516248 0.7903581 0.7505469 0.7509561 0.7447276 0.1527061 0.8386545 -1.4183086 -1.3893033 0.1248629 -1.4059526 0.6769951 -1.2603623 0.7562792 -1.2960107 0.1755314 0.7656851 0.7453843 0.8078170 -1.3300203 -1.2264674 -1.2200472 0.1785402 0.1977369 -0.3084675 0.8392960 0.8414352 -1.4393362 0.7237086 0.8448088 -0.7944147 -0.7631881 0.8604755 -1.4410417 -1.3978461 -0.1238498 0.8722500 0.8376788 0.7212087 0.7412699 0.3322556 0.8402314 -1.4191588 0.8101818 -0.9696196 -1.1347482 0.7450892
0.7408288 0.7538074 0.5898802 -1.3648437 0.7709702 0.7632645 -1.4087483 -1.4135025 0.7280845 0.7681972 0.7673175 -1.2306920 0.7607737 0.8162853 0.8224200 -1.3434806 -1.2294073 -1.3570493 0.8393222 -1.3714410 -1.3752344 0.2777790 0.8199306 0.8752561 0.7995302 0.8011464 0.8248293 0.8800298 0.8265421 0.8275742 0.8247930 0.1759560 0.7378390 -1.3853011 -1.3566885 0.1448329 -1.3725507 0.7439018 -1.2280427 0.8263792 -1.2639736 0.1906654 0.8327727 0.8078170 0.8097333 -1.2967477 -1.1946236 -1.1910170 0.1974221 0.1350155 -0.3473486 0.7402454 0.7414764 -1.4076409 0.6304879 0.7301373 -0.7646811 -0.7333040 0.7457470 -1.4092780 -1.3664576 -0.1783311 0.7593411 0.7340912 0.7869976 0.8148323 0.2861629 0.7497808 -1.3885547 0.7340966 -0.9629709 -1.1184610 0.6671998
-1.2770081 -1.2973667 -1.0291659 2.2400451 -1.3331491 -1.3115987 2.3172295 2.3246000 -1.2606035 -1.3321834 -1.3241837 2.0114141 -1.2219555 -1.2792910 -1.2793344 2.2576210 1.9493015 2.2404349 -1.3046900 2.3037870 2.3240690 -0.3856940 -1.2996278 -1.3097237 -1.2853986 -1.2853994 -1.2856421 -1.3082348 -1.2786391 -1.2874337 -1.2827986 -0.5780106 -1.2661493 2.3531599 2.2561877 -0.5422583 2.3869200 -1.1358258 1.9699585 -1.2826955 2.0080864 -0.5648851 -1.2762998 -1.3300203 -1.2967477 1.8547612 2.1289794 1.8971481 -0.5790530 -0.2858080 0.5298456 -1.2779253 -1.2862706 2.3136253 -1.1009244 -1.2792234 1.2179118 1.1680160 -1.2967812 2.3141618 2.2450290 0.2424388 -1.3235697 -1.2762833 -1.2777129 -1.2778026 -0.5116739 -1.2882420 2.2775760 -1.2665292 1.5587524 1.8215824 -1.1512653
-1.1788722 -1.1980618 -0.9539558 2.0132501 -1.2302419 -1.2098690 2.0780430 2.0860870 -1.1631430 -1.2289293 -1.2214653 1.8043624 -1.1223413 -1.1765953 -1.1798660 2.0300870 1.9513928 2.0548277 -1.2032450 2.0707603 2.0825336 -0.3656931 -1.1995578 -1.2062126 -1.1802107 -1.1804162 -1.1837906 -1.2049198 -1.1755109 -1.1845851 -1.1797820 -0.4931901 -1.1674172 2.1037009 2.0427439 -0.4583946 2.1047239 -1.0434717 1.9892946 -1.1763750 2.0011339 -0.4862735 -1.1745908 -1.2264674 -1.1946236 2.1289794 1.7263227 1.9038088 -0.4970230 -0.2785497 0.4573200 -1.1792518 -1.1864965 2.0789266 -1.0179712 -1.1801925 1.2139328 1.1638391 -1.1974272 2.0772808 2.0120890 0.1974729 -1.2218763 -1.1769400 -1.1728137 -1.1758770 -0.4851654 -1.1887567 2.0435805 -1.1690042 1.3956521 1.6336248 -1.0628729
-1.1813487 -1.1981571 -0.9762129 1.7113465 -1.2259277 -1.2063159 1.7621208 1.7722962 -1.1630787 -1.2243334 -1.2177991 1.5145788 -1.1172780 -1.1687598 -1.1757689 1.9278908 3.0492597 2.1455359 -1.1994979 1.9732159 1.9342083 -0.3808742 -1.1959339 -1.2023644 -1.1786927 -1.1787592 -1.1787285 -1.2008245 -1.1708010 -1.1813202 -1.1763526 -0.4682470 -1.1613591 1.9508125 2.0054612 -0.4351680 1.8601507 -1.0257008 3.1015491 -1.1753078 3.0805042 -0.4636157 -1.1687706 -1.2200472 -1.1910170 1.8971481 1.9038088 2.3169253 -0.4754868 -0.3614805 0.2970088 -1.1793482 -1.1834722 1.7739285 -1.0314991 -1.1769804 1.2396502 1.1799134 -1.1939012 1.7588965 1.6988463 0.0631728 -1.2182114 -1.1756375 -1.1718993 -1.1722474 -0.5534388 -1.1875855 1.7312911 -1.1699133 1.1532049 1.3658607 -1.0722102
0.1627021 0.1646167 0.0902683 -0.6669251 0.1713399 0.1747494 -0.6948090 -0.6961520 0.1627561 0.1692616 0.1711599 -0.6263978 0.3190331 0.2803158 0.1909441 -0.6383741 -0.5292530 -0.6455718 0.1846015 -0.6508830 -0.6593935 -0.0221572 0.1922855 0.1953011 0.2218629 0.2214063 0.2211808 0.1993518 0.2281991 0.2202266 0.2291520 1.8622389 0.1774314 -0.6653832 -0.5968075 1.9697524 -0.6566118 0.1702938 -0.5104365 0.2323184 -0.5430381 1.6388538 0.1969993 0.1785402 0.1974221 -0.5790530 -0.4970230 -0.4754868 1.4142544 -0.0798901 -0.2783116 0.1778831 0.1902164 -0.6915085 0.1260156 0.1651872 0.0229583 0.0076181 0.1689159 -0.6961589 -0.6827146 -0.2122592 0.1672968 0.1760950 0.2148514 0.2097458 -0.0272441 0.1663751 -0.6870589 0.1608927 -0.5142541 -0.5694218 0.1378325
0.1948502 0.1994996 0.2197112 -0.2378181 0.2133690 0.2051875 -0.2441304 -0.2446188 0.1993051 0.2126725 0.2067876 -0.2079829 0.1047264 0.1225869 0.1347593 -0.2828377 -0.3681779 -0.3018976 0.1366318 -0.2866326 -0.2873958 -0.0109077 0.1530858 0.1365110 0.0928521 0.0944203 0.1110380 0.1293463 0.1139111 0.1074908 0.1082064 -0.0980313 0.1904121 -0.2895887 -0.2927061 -0.1084313 -0.2787022 0.1054403 -0.3739170 0.1119604 -0.3732167 -0.0749775 0.1233150 0.1977369 0.1350155 -0.2858080 -0.2785497 -0.3614805 -0.0798901 0.5016250 0.0320267 0.1958575 0.2074215 -0.2449689 0.1947693 0.2116047 -0.2396735 -0.2321623 0.2108481 -0.2436526 -0.2235986 0.0171382 0.2178657 0.2072074 0.1056305 0.1177713 0.1317991 0.1989019 -0.2286268 0.1915741 -0.1553291 -0.1864270 0.1795570
-0.2904074 -0.2990032 -0.2222547 0.6746780 -0.2955166 -0.2931420 0.7015015 0.7029855 -0.2821034 -0.2946334 -0.2954605 0.5945889 -0.3450589 -0.3513812 -0.3404677 0.5767031 0.3139402 0.5485113 -0.3485638 0.5889614 0.5982479 -0.1054424 -0.3347831 -0.3514189 -0.3737511 -0.3725027 -0.3614035 -0.3544933 -0.3557221 -0.3634704 -0.3628067 -0.2937570 -0.2913696 0.6018378 0.5676718 -0.2923877 0.6080644 -0.3159441 0.3049745 -0.3601248 0.3326683 -0.2694543 -0.3495210 -0.3084675 -0.3473486 0.5298456 0.4573200 0.2970088 -0.2783116 0.0320267 0.2840699 -0.2782670 -0.2843283 0.6989390 -0.2339112 -0.2774887 0.1804670 0.1748191 -0.2851605 0.7028211 0.6854984 0.1439547 -0.2816594 -0.2817132 -0.3609619 -0.3508680 -0.0723847 -0.2921086 0.6916627 -0.2907856 0.4854459 0.5569928 -0.2551138
0.8076368 0.8195057 0.6601616 -1.3330286 0.8591142 0.8364061 -1.3773935 -1.3817624 0.8047794 0.8590788 0.8507725 -1.1878062 0.6665668 0.7123520 0.7322123 -1.3243481 -1.2177857 -1.3364165 0.7438080 -1.3488959 -1.3521942 0.2034920 0.7614198 0.7443603 0.6776066 0.6797462 0.7027596 0.7375782 0.7009655 0.7002947 0.6952444 0.1555196 0.8033939 -1.3626180 -1.3342930 0.1290501 -1.3506092 0.6314994 -1.2165455 0.7036381 -1.2498080 0.1749226 0.7151582 0.8392960 0.7402454 -1.2779253 -1.1792518 -1.1793482 0.1778831 0.1958575 -0.2782670 0.7186828 0.8220791 -1.3763984 0.7155712 0.8326009 -0.7622700 -0.7326133 0.8366323 -1.3766224 -1.3420465 -0.1006943 0.8603095 0.8203958 0.6881829 0.7039626 0.3339066 0.8198524 -1.3559719 0.7921606 -0.9223470 -1.0826781 0.7286799
