0.00000000099999999972 0.99999999800000005656 0.00000000099999999972 
0.00000000099999999956 0.99999999799999994554 0.00000000099999999956 
0.00000000099999999985 0.92175343474757920337 0.07824656425242088043 
0.00000000099999999983 0.00000000099999999983 0.99999999799999994554 
0.00000000099999999943 0.99999999799999994554 0.00000000099999999943 
0.00000000099999999965 0.99999999800000005656 0.00000000099999999965 
0.00000000099999999923 0.00000000099999999923 0.99999999799999994554 
0.00000000099999999916 0.00000000099999999916 0.99999999800000005656 
0.00000000099999999987 0.98153859248654395930 0.01846140651345606551 
0.00000000099999999945 0.99999999799999994554 0.00000000099999999945 
0.00000000099999999950 0.99999999800000005656 0.00000000099999999950 
0.00000000099999999985 0.07023469605797615090 0.92976530294202397453 
0.04290729079345344255 0.95709270820654657186 0.00000000099999999995 
0.02375340542235779284 0.97624659357764220768 0.00000000099999999978 
0.00000000099999999972 0.99999999800000005656 0.00000000099999999972 
0.00000000099999999973 0.00000000099999999973 0.99999999800000005656 
0.00000000099999999982 0.00000000099999999982 0.99999999799999994554 
0.00000000099999999944 0.00000000099999999944 0.99999999799999994554 
0.00000000099999999949 0.99999999799999994554 0.00000000099999999949 
0.00000000099999999937 0.00000000099999999937 0.99999999799999994554 
0.00000000099999999932 0.00000000099999999932 0.99999999799999994554 
0.00000000099999999988 0.74072169584225799888 0.25927830315774208492 
0.00000000099999999960 0.99999999799999994554 0.00000000099999999960 
0.00000000099999999947 0.99999999800000005656 0.00000000099999999947 
0.00000000099999999949 0.99999999800000005656 0.00000000099999999949 
0.00000000099999999950 0.99999999799999994554 0.00000000099999999950 
0.00000000099999999954 0.99999999800000005656 0.00000000099999999954 
0.00000000099999999945 0.99999999799999994554 0.00000000099999999945 
0.00000000099999999964 0.99999999799999994554 0.00000000099999999964 
0.00000000099999999951 0.99999999799999994554 0.00000000099999999951 
0.00000000099999999957 0.99999999800000005656 0.00000000099999999957 
0.99999999800000005656 0.00000000099999999954 0.00000000099999999954 
0.00000000099999999987 0.97983788988471964831 0.02016210911528045976 
0.00000000099999999913 0.00000000099999999913 0.99999999799999994554 
0.00000000099999999966 0.00000000099999999966 0.99999999799999994554 
0.99999999800000005656 0.00000000099999999956 0.00000000099999999956 
0.00000000099999999924 0.00000000099999999924 0.99999999799999994554 
0.00000000099999999990 0.95609192764781969487 0.04390807135218020851 
0.00000000099999999966 0.00000000099999999966 0.99999999799999994554 
0.00000000099999999955 0.99999999800000005656 0.00000000099999999955 
0.00000000099999999952 0.00000000099999999952 0.99999999800000005656 
0.99999999799999994554 0.00000000099999999958 0.00000000099999999958 
0.00000000099999999965 0.99999999800000005656 0.00000000099999999965 
0.00000000099999999945 0.99999999799999994554 0.00000000099999999945 
0.00000000099999999957 0.99999999799999994554 0.00000000099999999957 
0.00000000099999999950 0.00000000099999999950 0.99999999800000005656 
0.00000000099999999995 0.02748138864201863860 0.97251861035798148336 
0.00000000099999999998 0.02842511827387918938 0.97157488072612085972 
0.99999999800000005656 0.00000000099999999960 0.00000000099999999960 
0.00000000099999999988 0.70933193401029304148 0.29066806498970704231 
0.00000000099999999986 0.48091177595570372416 0.51908822304429635963 
0.00000000099999999982 0.99999999800000005656 0.00000000099999999982 
0.00000000099999999990 0.99999999799999994554 0.00000000099999999990 
0.00000000099999999924 0.00000000099999999924 0.99999999799999994554 
0.00000000099999999988 0.93956029571739907436 0.06043970328260092617 
0.00000000099999999989 0.99060987482298823448 0.00939012417701190830 
0.47519119406746312961 0.00000000099999999982 0.52480880493253689867 
0.47464405669133591381 0.00000000099999999988 0.52535594230866400345 
0.00000000099999999982 0.99999999800000005656 0.00000000099999999982 
0.00000000099999999920 0.00000000099999999920 0.99999999800000005656 
0.00000000099999999958 0.00000000099999999958 0.99999999800000005656 
0.00000000099999999986 0.56167135799481826552 0.43832864100518170725 
0.00000000099999999947 0.99999999800000005656 0.00000000099999999947 
0.00000000099999999991 0.99385676283844104351 0.00614323616155891105 
0.00000000099999999953 0.99999999799999994554 0.00000000099999999953 
0.00000000099999999955 0.99999999799999994554 0.00000000099999999955 
0.00000000099999999987 0.77453626626487848128 0.22546373273512157476 
0.00000000099999999974 0.99999999799999994554 0.00000000099999999974 
0.00000000099999999943 0.00000000099999999943 0.99999999799999994554 
0.00000000099999999984 0.99999999800000005656 0.00000000099999999984 
0.00000000099999999985 0.19026405105883698043 0.80973594794116299234 
0.00000000099999999985 0.11931228693761189441 0.88068771206238816163 
0.00000000099999999987 0.95448085841617658076 0.04551914058382340589 
