0.00000000099999999954 0.00000000099999999954 0.99999999699999997382 0.00000000099999999954 
0.00000000099999999928 0.00000000099999999928 0.99999999699999986280 0.00000000099999999928 
0.00000000099999999974 0.00000000099999999974 0.92179282134522111392 0.07820717665477890101 
0.00000000099999999964 0.00000000099999999964 0.00000000099999999964 0.99999999700000008485 
0.00000000099999999908 0.00000000099999999908 0.99999999699999997382 0.00000000099999999908 
0.00000000099999999943 0.00000000099999999943 0.99999999699999997382 0.00000000099999999943 
0.00000000099999999898 0.00000000099999999898 0.00000000099999999898 0.99999999699999997382 
0.00000000099999999890 0.00000000099999999890 0.00000000099999999890 0.99999999700000008485 
0.00000000099999999976 0.00000000099999999976 0.98120870621849254345 0.01879129178150746454 
0.00000000099999999914 0.00000000099999999914 0.99999999699999986280 0.00000000099999999914 
0.00000000099999999919 0.00000000099999999919 0.99999999699999986280 0.00000000099999999919 
0.00000000099999999971 0.00000000099999999971 0.07173266671808156691 0.92826733128191840638 
0.00000000099999999980 0.05313693461091344855 0.94686306338908654556 0.00000000099999999980 
0.00000000099999999950 0.03162684350998924698 0.96837315449001082346 0.00000000099999999950 
0.00000000099999999954 0.00000000099999999954 0.99999999699999997382 0.00000000099999999954 
0.00000000099999999962 0.00000000099999999962 0.00000000099999999962 0.99999999700000008485 
0.24356245020073366558 0.00000000099999999964 0.00000000099999999964 0.75643754779926630771 
0.00000000099999999940 0.00000000099999999940 0.00000000099999999940 0.99999999700000008485 
0.00000000099999999917 0.00000000099999999917 0.99999999699999986280 0.00000000099999999917 
0.00000000099999999922 0.00000000099999999922 0.00000000099999999922 0.99999999700000008485 
0.00000000099999999915 0.00000000099999999915 0.00000000099999999915 0.99999999699999997382 
0.00000000099999999980 0.00000000099999999980 0.74218628182882528943 0.25781371617117460060 
0.00000000099999999934 0.00000000099999999934 0.99999999699999997382 0.00000000099999999934 
0.00000000099999999914 0.00000000099999999914 0.99999999699999986280 0.00000000099999999914 
0.00000000099999999917 0.00000000099999999917 0.99999999699999986280 0.00000000099999999917 
0.00000000099999999919 0.00000000099999999919 0.99999999699999986280 0.00000000099999999919 
0.00000000099999999925 0.00000000099999999925 0.99999999699999986280 0.00000000099999999925 
0.00000000099999999911 0.00000000099999999911 0.99999999699999986280 0.00000000099999999911 
0.00000000099999999940 0.00000000099999999940 0.99999999699999997382 0.00000000099999999940 
0.00000000099999999920 0.00000000099999999920 0.99999999699999997382 0.00000000099999999920 
0.00000000099999999929 0.00000000099999999929 0.99999999699999997382 0.00000000099999999929 
0.00000000099999999905 0.99999999699999997382 0.00000000099999999905 0.00000000099999999905 
0.00000000099999999978 0.00000000099999999978 0.97977362966655956455 0.02022636833344033588 
0.00000000099999999894 0.00000000099999999894 0.00000000099999999894 0.99999999700000008485 
0.00000000099999999957 0.00000000099999999957 0.00000000099999999957 0.99999999700000008485 
0.00000000099999999909 0.99999999699999997382 0.00000000099999999909 0.00000000099999999909 
0.00000000099999999905 0.00000000099999999905 0.00000000099999999905 0.99999999700000008485 
0.00000000099999999984 0.00000000099999999984 0.95693304195974293602 0.04306695604025707891 
0.24780299768097305280 0.00000000099999999954 0.00000000099999999954 0.75219700031902703152 
0.00000000099999999926 0.00000000099999999926 0.99999999699999997382 0.00000000099999999926 
0.22490818257852049356 0.00000000099999999948 0.00000000099999999948 0.77509181542147953525 
0.00000000099999999915 0.99999999700000008485 0.00000000099999999915 0.00000000099999999915 
0.00000000099999999943 0.00000000099999999943 0.99999999699999997382 0.00000000099999999943 
0.00000000099999999912 0.00000000099999999912 0.99999999699999986280 0.00000000099999999912 
0.00000000099999999929 0.00000000099999999929 0.99999999699999997382 0.00000000099999999929 
0.00000000099999999946 0.00000000099999999946 0.00000000099999999946 0.99999999700000008485 
0.03509973380603426812 0.00000000099999999997 0.02748919817695006512 0.93741106701701570891 
0.26832111150598220162 0.00000000099999999981 0.00000000099999999981 0.73167888649401779944 
0.00000000099999999916 0.99999999699999997382 0.00000000099999999916 0.00000000099999999916 
0.00000000099999999978 0.00000000099999999978 0.71055568266254609533 0.28944431533745379470 
0.00000000099999999974 0.00000000099999999974 0.48333668164208498652 0.51666331635791495902 
0.00000000099999999968 0.00000000099999999968 0.99999999699999986280 0.00000000099999999968 
0.00000000099999999982 0.00000000099999999982 0.99999999699999997382 0.00000000099999999982 
0.00000000099999999899 0.00000000099999999899 0.00000000099999999899 0.99999999699999997382 
0.00000000099999999977 0.00000000099999999977 0.93946187416684123761 0.06053812383315873569 
0.00000000099999999986 0.00000000099999999986 0.98988920698272675480 0.01011079101727326360 
0.99999999700000008485 0.00000000099999999912 0.00000000099999999912 0.00000000099999999912 
0.99999999699999997382 0.00000000099999999924 0.00000000099999999924 0.00000000099999999924 
0.00000000099999999975 0.00000000099999999975 0.99999999699999986280 0.00000000099999999975 
0.00000000099999999894 0.00000000099999999894 0.00000000099999999894 0.99999999699999997382 
0.00000000099999999936 0.00000000099999999936 0.00000000099999999936 0.99999999700000008485 
0.00000000099999999974 0.00000000099999999974 0.56371533987973165836 0.43628465812026839821 
0.00000000099999999915 0.00000000099999999915 0.99999999699999986280 0.00000000099999999915 
0.00000000099999999990 0.00000000099999999990 0.99299911929446471603 0.00700087870553514017 
0.00000000099999999924 0.00000000099999999924 0.99999999699999997382 0.00000000099999999924 
0.00000000099999999926 0.00000000099999999926 0.99999999699999986280 0.00000000099999999926 
0.00000000099999999975 0.00000000099999999975 0.77538781690235236699 0.22461218109764743978 
0.00000000099999999957 0.00000000099999999957 0.99999999699999997382 0.00000000099999999957 
0.00000000099999999920 0.00000000099999999920 0.00000000099999999920 0.99999999699999997382 
0.00000000099999999973 0.00000000099999999973 0.99999999699999986280 0.00000000099999999973 
0.00000000099999999972 0.00000000099999999972 0.19314011327349780989 0.80685988472650216341 
0.00000000099999999973 0.00000000099999999973 0.12152460655723407168 0.87847539144276598488 
0.00000000099999999977 0.00000000099999999977 0.95432414989969760466 0.04567584810030238945 
