0.99999999600000011313 0.00000000099999999931 0.00000000099999999931 0.00000000099999999931 0.00000000099999999931 
0.99999999600000011313 0.00000000099999999913 0.00000000099999999913 0.00000000099999999913 0.00000000099999999913 
0.92634755157275838755 0.00000000099999999974 0.07365244542724172505 0.00000000099999999974 0.00000000099999999974 
0.00000000099999999961 0.00000000099999999961 0.99999999600000000211 0.00000000099999999961 0.00000000099999999961 
0.99999999599999989108 0.00000000099999999900 0.00000000099999999900 0.00000000099999999900 0.00000000099999999900 
0.99999999600000000211 0.00000000099999999925 0.00000000099999999925 0.00000000099999999925 0.00000000099999999925 
0.00000000099999999861 0.00000000099999999861 0.99999999599999978006 0.00000000099999999861 0.00000000099999999861 
0.00000000099999999849 0.00000000099999999849 0.99999999599999978006 0.00000000099999999849 0.00000000099999999849 
0.99999999600000011313 0.00000000099999999965 0.00000000099999999965 0.00000000099999999965 0.00000000099999999965 
0.99999999600000011313 0.00000000099999999903 0.00000000099999999903 0.00000000099999999903 0.00000000099999999903 
0.99999999600000000211 0.00000000099999999907 0.00000000099999999907 0.00000000099999999907 0.00000000099999999907 
0.07268661637517223606 0.00000000099999999969 0.92731338062482771001 0.00000000099999999969 0.00000000099999999969 
0.00000000099999999966 0.95442806841574823196 0.00000000099999999966 0.04557192858425186677 0.00000000099999999966 
0.06245326740441430741 0.91167817863532230049 0.00000000099999999945 0.02586855196026343132 0.00000000099999999945 
0.12100523315603896324 0.87899476384396102446 0.00000000099999999937 0.00000000099999999937 0.00000000099999999937 
0.00000000099999999954 0.00000000099999999954 0.99999999600000000211 0.00000000099999999954 0.00000000099999999954 
0.00000000099999999948 0.00000000099999999948 0.75654343536745161103 0.00000000099999999948 0.24345656163254836279 
0.00000000099999999918 0.00000000099999999918 0.99999999599999989108 0.00000000099999999918 0.00000000099999999918 
0.12108939627093241731 0.87891060072906768141 0.00000000099999999909 0.00000000099999999909 0.00000000099999999909 
0.00000000099999999893 0.00000000099999999893 0.99999999599999989108 0.00000000099999999893 0.00000000099999999893 
0.00000000099999999884 0.00000000099999999884 0.99999999599999989108 0.00000000099999999884 0.00000000099999999884 
0.10330170714855335667 0.64026145375258070036 0.25643683709886599953 0.00000000099999999978 0.00000000099999999978 
0.35738816806982764973 0.64261182893017243511 0.00000000099999999928 0.00000000099999999928 0.00000000099999999928 
0.10220749695273897983 0.89779250004726096623 0.00000000099999999907 0.00000000099999999907 0.00000000099999999907 
0.00000000099999999900 0.99999999599999989108 0.00000000099999999900 0.00000000099999999900 0.00000000099999999900 
0.00000000099999999901 0.99999999600000000211 0.00000000099999999901 0.00000000099999999901 0.00000000099999999901 
0.00000000099999999909 0.99999999600000000211 0.00000000099999999909 0.00000000099999999909 0.00000000099999999909 
0.06774294759908459918 0.93225704940091547179 0.00000000099999999903 0.00000000099999999903 0.00000000099999999903 
0.00000000099999999920 0.99999999600000000211 0.00000000099999999920 0.00000000099999999920 0.00000000099999999920 
0.00000000099999999905 0.99999999600000000211 0.00000000099999999905 0.00000000099999999905 0.00000000099999999905 
0.00000000099999999911 0.99999999600000000211 0.00000000099999999911 0.00000000099999999911 0.00000000099999999911 
0.00000000099999999887 0.00000000099999999887 0.00000000099999999887 0.99999999599999989108 0.00000000099999999887 
0.92421590500970074444 0.07578409199029929877 0.00000000099999999974 0.00000000099999999974 0.00000000099999999974 
0.00000000099999999853 0.00000000099999999853 0.99999999599999978006 0.00000000099999999853 0.00000000099999999853 
0.00000000099999999938 0.00000000099999999938 0.99999999599999989108 0.00000000099999999938 0.00000000099999999938 
0.00000000099999999891 0.00000000099999999891 0.00000000099999999891 0.99999999599999989108 0.00000000099999999891 
0.00000000099999999869 0.00000000099999999869 0.99999999599999989108 0.00000000099999999869 0.00000000099999999869 
0.06240471382898870462 0.89503190544481747715 0.04256337872619393031 0.00000000099999999980 0.00000000099999999980 
0.00000000099999999931 0.00000000099999999931 0.75228716633547609849 0.00000000099999999931 0.24771283066452379207 
0.00000000099999999911 0.99999999600000000211 0.00000000099999999911 0.00000000099999999911 0.00000000099999999911 
0.00000000099999999921 0.00000000099999999921 0.77519606156788178897 0.00000000099999999921 0.22480393543211807383 
0.00000000099999999898 0.00000000099999999898 0.00000000099999999898 0.99999999600000000211 0.00000000099999999898 
0.00000880688401234178 0.99999119011598758267 0.00000000099999999924 0.00000000099999999924 0.00000000099999999924 
0.88859278944494157759 0.11140720755505845174 0.00000000099999999908 0.00000000099999999908 0.00000000099999999908 
0.14991756284893717477 0.85008243415106288232 0.00000000099999999919 0.00000000099999999919 0.00000000099999999919 
0.00000000099999999925 0.00000000099999999925 0.99999999600000000211 0.00000000099999999925 0.00000000099999999925 
0.00000000099999999997 0.02814062215623367932 0.93739153283253673354 0.00000000099999999997 0.03446784301122959165 
0.00000000099999999972 0.00000000099999999972 0.73174440856432743097 0.00000000099999999972 0.26825558843567254286 
0.00000000099999999902 0.00000000099999999902 0.00000000099999999902 0.99999999600000000211 0.00000000099999999902 
0.71364120612529668986 0.00000000099999999975 0.28635879087470345050 0.00000000099999999975 0.00000000099999999975 
0.48573442738149635867 0.00000000099999999972 0.51426556961850378169 0.00000000099999999972 0.00000000099999999972 
0.99999999600000011313 0.00000000099999999939 0.00000000099999999939 0.00000000099999999939 0.00000000099999999939 
0.99999999600000011313 0.00000000099999999951 0.00000000099999999951 0.00000000099999999951 0.00000000099999999951 
0.00000000099999999863 0.00000000099999999863 0.99999999599999978006 0.00000000099999999863 0.00000000099999999863 
0.94331012412858072924 0.00000000099999999976 0.05668987287141933479 0.00000000099999999976 0.00000000099999999976 
0.99999999600000011313 0.00000000099999999957 0.00000000099999999957 0.00000000099999999957 0.00000000099999999957 
0.00000000099999999877 0.00000000099999999877 0.00000000099999999877 0.00000000099999999877 0.99999999600000000211 
0.00000000099999999895 0.00000000099999999895 0.00000000099999999895 0.00000000099999999895 0.99999999599999989108 
0.99999999600000011313 0.00000000099999999942 0.00000000099999999942 0.00000000099999999942 0.00000000099999999942 
0.00000000099999999856 0.00000000099999999856 0.99999999599999978006 0.00000000099999999856 0.00000000099999999856 
0.00000000099999999919 0.00000000099999999919 0.99999999599999989108 0.00000000099999999919 0.00000000099999999919 
0.56655104301547487555 0.00000000099999999972 0.43344895398452526480 0.00000000099999999972 0.00000000099999999972 
0.99999999600000000211 0.00000000099999999902 0.00000000099999999902 0.00000000099999999902 0.00000000099999999902 
0.99999999600000011313 0.00000000099999999958 0.00000000099999999958 0.00000000099999999958 0.00000000099999999958 
0.00000000099999999908 0.99999999600000000211 0.00000000099999999908 0.00000000099999999908 0.00000000099999999908 
0.00000000099999999913 0.99999999600000011313 0.00000000099999999913 0.00000000099999999913 0.00000000099999999913 
0.77769890379503470168 0.00000000099999999975 0.22230109320496535541 0.00000000099999999975 0.00000000099999999975 
0.99999999600000011313 0.00000000099999999934 0.00000000099999999934 0.00000000099999999934 0.00000000099999999934 
0.00000000099999999894 0.00000000099999999894 0.99999999599999978006 0.00000000099999999894 0.00000000099999999894 
0.99999999339942369225 0.00000000360057636553 0.00000000099999999946 0.00000000099999999946 0.00000000099999999946 
0.19533056809652729613 0.00000000099999999970 0.80466942890347281647 0.00000000099999999970 0.00000000099999999970 
0.12294627059432612637 0.00000000099999999971 0.87705372640567391684 0.00000000099999999971 0.00000000099999999971 
0.95799845439174025064 0.00000000099999999977 0.04200154260825982033 0.00000000099999999977 0.00000000099999999977 
