0.00000000099999999930 0.99999999500000014141 0.00000000099999999930 0.00000000099999999930 0.00000000099999999930 0.00000000099999999930 
0.00000000099999999914 0.99999999500000014141 0.00000000099999999914 0.00000000099999999914 0.00000000099999999914 0.00000000099999999914 
0.00000000099999999929 0.00000000099999999929 0.00000000099999999929 0.00000000099999999929 0.00000000099999999929 0.99999999499999991937 
0.00000000099999999965 0.00000000099999999965 0.99999999500000003039 0.00000000099999999965 0.00000000099999999965 0.00000000099999999965 
0.00000000099999999898 0.99999999499999991937 0.00000000099999999898 0.00000000099999999898 0.00000000099999999898 0.00000000099999999898 
0.00000000099999999923 0.99999999500000003039 0.00000000099999999923 0.00000000099999999923 0.00000000099999999923 0.00000000099999999923 
0.00000000099999999833 0.00000000099999999833 0.99999999499999980834 0.00000000099999999833 0.00000000099999999833 0.00000000099999999833 
0.00000000099999999817 0.00000000099999999817 0.99999999499999991937 0.00000000099999999817 0.00000000099999999817 0.00000000099999999817 
0.00000000099999999951 0.72897376451202156034 0.00000000099999999951 0.00000000099999999951 0.00000000099999999951 0.27102623148797860830 
0.00000000099999999901 0.99999999500000014141 0.00000000099999999901 0.00000000099999999901 0.00000000099999999901 0.00000000099999999901 
0.00000000099999999905 0.99999999500000003039 0.00000000099999999905 0.00000000099999999905 0.00000000099999999905 0.00000000099999999905 
0.00000000099999999968 0.00000000099999999968 0.92311959043062141728 0.00000000099999999968 0.00000000099999999968 0.07688040556937857095 
0.00000000099999999967 0.00000004106017783178 0.00000000099999999967 0.04502034903200591298 0.95497960690781635851 0.00000000099999999967 
0.00000000099999999946 0.09275582723992124856 0.00000000099999999946 0.02562634556626558827 0.88161782419381318210 0.00000000099999999946 
0.00000000099999999938 0.15108167896595614543 0.00000000099999999938 0.00000000099999999938 0.84891831703404385667 0.00000000099999999938 
0.00000000099999999942 0.00000000099999999942 0.99999999499999991937 0.00000000099999999942 0.00000000099999999942 0.00000000099999999942 
0.00000000099999999971 0.00000000099999999971 0.99999999500000003039 0.00000000099999999971 0.00000000099999999971 0.00000000099999999971 
0.00000000099999999882 0.00000000099999999882 0.99999999499999991937 0.00000000099999999882 0.00000000099999999882 0.00000000099999999882 
0.00000000099999999909 0.15839344749753136998 0.00000000099999999909 0.00000000099999999909 0.84160654850246852110 0.00000000099999999909 
0.00000000099999999863 0.00000000099999999863 0.99999999499999980834 0.00000000099999999863 0.00000000099999999863 0.00000000099999999863 
0.00000000099999999853 0.00000000099999999853 0.99999999499999980834 0.00000000099999999853 0.00000000099999999853 0.00000000099999999853 
0.00000000099999999978 0.12117914017371654578 0.25781163277772706222 0.00000000099999999978 0.62076314435012291959 0.00024608069843331219 
0.00000000099999999929 0.37230212320446404162 0.00000000099999999929 0.00000000099999999929 0.62769787279553579395 0.00000000099999999929 
0.00000000099999999907 0.13440358661638923676 0.00000000099999999907 0.00000000099999999907 0.86559640938361070983 0.00000000099999999907 
0.00000000099999999897 0.00000000099999999897 0.00000000099999999897 0.00000000099999999897 0.99999999499999991937 0.00000000099999999897 
0.00000000099999999898 0.00000000099999999898 0.00000000099999999898 0.00000000099999999898 0.99999999499999980834 0.00000000099999999898 
0.00000000099999999909 0.00000000620601812568 0.00000000099999999909 0.00000000099999999909 0.99999998979398174725 0.00000000099999999909 
0.00000000099999999903 0.10141819643574957743 0.00000000099999999903 0.00000000099999999903 0.89858179956425032753 0.00000000099999999903 
0.00000000099999999920 0.00000024655305550847 0.00000000099999999920 0.00000000099999999920 0.99999974944694447476 0.00000000099999999920 
0.00000000099999999904 0.00000000099999999904 0.00000000099999999904 0.00000000099999999904 0.99999999500000003039 0.00000000099999999904 
0.00000000099999999911 0.00000000182792303304 0.00000000099999999911 0.00000000099999999911 0.99999999417207696695 0.00000000099999999911 
0.00000000099999999870 0.00000000099999999870 0.00000000099999999870 0.99999999499999991937 0.00000000099999999870 0.00000000099999999870 
0.00000000099999999953 0.61984852117490785162 0.00000000099999999953 0.00000000099999999953 0.08630418558755072189 0.29384729023754158073 
0.00000000099999999812 0.00000000099999999812 0.99999999499999980834 0.00000000099999999812 0.00000000099999999812 0.00000000099999999812 
0.00000000099999999913 0.00000000099999999913 0.99999999499999991937 0.00000000099999999913 0.00000000099999999913 0.00000000099999999913 
0.00000000099999999874 0.00000000099999999874 0.00000000099999999874 0.99999999499999991937 0.00000000099999999874 0.00000000099999999874 
0.00000000099999999835 0.00000000099999999835 0.99999999499999991937 0.00000000099999999835 0.00000000099999999835 0.00000000099999999835 
0.00000000099999999980 0.08327831717706474235 0.04297438618269435601 0.00000000099999999980 0.87237827678670398779 0.00136901785353704133 
0.00000000099999999939 0.00000000099999999939 0.99999999499999991937 0.00000000099999999939 0.00000000099999999939 0.00000000099999999939 
0.00000000099999999911 0.00000000139425901924 0.00000000099999999911 0.00000000099999999911 0.99999999460574096055 0.00000000099999999911 
0.00000000099999999904 0.00000000099999999904 0.99999999500000003039 0.00000000099999999904 0.00000000099999999904 0.00000000099999999904 
0.00000000099999999882 0.00000000099999999882 0.00000000099999999882 0.99999999499999991937 0.00000000099999999882 0.00000000099999999882 
0.00000000099999999925 0.03932780922802776857 0.00000000099999999925 0.00000000099999999925 0.96067218677197219190 0.00000000099999999925 
0.00000000099999999907 0.90500907081575721058 0.00000000099999999907 0.00000000099999999907 0.09499092518424272213 0.00000000099999999907 
0.00000000099999999920 0.17815198857584374492 0.00000000099999999920 0.00000000099999999920 0.82184800742415620167 0.00000000099999999920 
0.00000000099999999897 0.00000000099999999897 0.99999999499999980834 0.00000000099999999897 0.00000000099999999897 0.00000000099999999897 
0.02368434884144163255 0.00000131125088967324 0.95452670698211994349 0.00000000099999999997 0.02178762197564256681 0.00000000994990619626 
0.00000000099999999997 0.01520525293839773001 0.96774180034779477833 0.01415929858947402760 0.00289364612433342782 0.00000000099999999997 
0.00000000099999999888 0.00000000099999999888 0.00000000099999999888 0.99999999499999991937 0.00000000099999999888 0.00000000099999999888 
0.00000000099999999976 0.00007962488896218451 0.23307179443831416155 0.00000000099999999976 0.00000000099999999976 0.76684857767272363027 
0.00000000099999999974 0.17877734873252032477 0.49453550081059782784 0.00000000099999999974 0.00000000099999999974 0.32668714745688198775 
0.00000000099999999936 0.99999999500000014141 0.00000000099999999936 0.00000000099999999936 0.00000000099999999936 0.00000000099999999936 
0.00000000099999999948 0.99999999500000003039 0.00000000099999999948 0.00000000099999999948 0.00000000099999999948 0.00000000099999999948 
0.00000000099999999835 0.00000000099999999835 0.99999999499999980834 0.00000000099999999835 0.00000000099999999835 0.00000000099999999835 
0.00000000099999999933 0.00371335877836601437 0.00000000099999999933 0.00000000099999999933 0.00000000099999999933 0.99628663722163401939 
0.00000000099999999954 0.99999999500000003039 0.00000000099999999954 0.00000000099999999954 0.00000000099999999954 0.00000000099999999954 
0.99999999500000003039 0.00000000099999999812 0.00000000099999999812 0.00000000099999999812 0.00000000099999999812 0.00000000099999999812 
0.99999999500000003039 0.00000000099999999835 0.00000000099999999835 0.00000000099999999835 0.00000000099999999835 0.00000000099999999835 
0.00000000099999999939 0.99999999500000003039 0.00000000099999999939 0.00000000099999999939 0.00000000099999999939 0.00000000099999999939 
0.00000000099999999827 0.00000000099999999827 0.99999999499999991937 0.00000000099999999827 0.00000000099999999827 0.00000000099999999827 
0.00000000099999999913 0.00000000099999999913 0.99999999500000003039 0.00000000099999999913 0.00000000099999999913 0.00000000099999999913 
0.00000000099999999974 0.54236809531327201395 0.43487819129410287822 0.00000000099999999974 0.00000000099999999974 0.02275371039262530370 
0.00000000099999999900 0.99999999500000014141 0.00000000099999999900 0.00000000099999999900 0.00000000099999999900 0.00000000099999999900 
0.00000000099999999955 0.99999999500000003039 0.00000000099999999955 0.00000000099999999955 0.00000000099999999955 0.00000000099999999955 
0.00000000099999999906 0.00000000099999999906 0.00000000099999999906 0.00000000099999999906 0.99999999500000003039 0.00000000099999999906 
0.00000000099999999913 0.00548728609245999026 0.00000000099999999913 0.00000000099999999913 0.99451270990753992685 0.00000000099999999913 
0.00000000099999999977 0.01690568576469522397 0.17051020344284603669 0.00000000099999999977 0.00000000099999999977 0.81258410779245882072 
0.00000000099999999933 0.99999999500000014141 0.00000000099999999933 0.00000000099999999933 0.00000000099999999933 0.00000000099999999933 
0.00000000099999999879 0.00000000099999999879 0.99999999499999991937 0.00000000099999999879 0.00000000099999999879 0.00000000099999999879 
0.00000000099999999935 0.71795573240011290039 0.00000000099999999935 0.00000000099999999935 0.01838599830537984703 0.26365826629450739294 
0.00000000099999999971 0.00000000099999999971 0.79093715493509553216 0.00000000099999999971 0.00000000099999999971 0.20906284106490446995 
0.00000000099999999973 0.00000023058717313177 0.86955032950335620079 0.00000000099999999973 0.00000000099999999973 0.13044943690947077841 
0.00000000099999999938 0.21367542775418177370 0.00000000099999999938 0.00000000099999999938 0.00000000099999999938 0.78632456824581831167 
