0.00000000099999999920 0.00000000099999999920 0.99999999399999994765 0.00000000099999999920 0.00000000099999999920 0.00000000099999999920 0.00000000099999999920 
0.00000000099999999905 0.00000000099999999905 0.99999999399999994765 0.00000000099999999905 0.00000000099999999905 0.00000000099999999905 0.00000000099999999905 
0.00000000099999999974 0.00000000099999999974 0.92815007246836112031 0.00000000099999999974 0.00000000099999999974 0.07184992253163892395 0.00000000099999999974 
0.00000000099999999961 0.00000000099999999961 0.00000000099999999961 0.00000000099999999961 0.00000000099999999961 0.99999999399999994765 0.00000000099999999961 
0.00000000099999999897 0.00000000099999999897 0.99999999399999994765 0.00000000099999999897 0.00000000099999999897 0.00000000099999999897 0.00000000099999999897 
0.00000000099999999904 0.00000000099999999904 0.00000257556710401886 0.00000000099999999904 0.99999741943289599533 0.00000000099999999904 0.00000000099999999904 
0.00000000099999999794 0.00000000099999999794 0.00000000099999999794 0.00000000099999999794 0.00000000099999999794 0.99999999399999983662 0.00000000099999999794 
0.00000000099999999774 0.00000000099999999774 0.00000000099999999774 0.00000000099999999774 0.00000000099999999774 0.99999999399999994765 0.00000000099999999774 
0.00000000099999999951 0.00000000099999999951 0.99999999400000005867 0.00000000099999999951 0.00000000099999999951 0.00000000099999999951 0.00000000099999999951 
0.00000000099999999899 0.00000000099999999899 0.99999999399999994765 0.00000000099999999899 0.00000000099999999899 0.00000000099999999899 0.00000000099999999899 
0.00000000099999999903 0.00000000099999999903 0.99999999400000005867 0.00000000099999999903 0.00000000099999999903 0.00000000099999999903 0.00000000099999999903 
0.00000000099999999968 0.00000000099999999968 0.07130452471291411076 0.00000000099999999968 0.00000000099999999968 0.92869547028708598901 0.00000000099999999968 
0.04505927058980769423 0.00000000099999999966 0.00000000099999999966 0.79075588276363628637 0.00000000099999999966 0.00000000099999999966 0.16418484264655613947 
0.00000000099999999936 0.00000000099999999936 0.00000000099999999936 0.99999999399999994765 0.00000000099999999936 0.00000000099999999936 0.00000000099999999936 
0.00000000099999999925 0.00000000099999999925 0.00000000099999999925 0.99999999399999994765 0.00000000099999999925 0.00000000099999999925 0.00000000099999999925 
0.00000000099999999933 0.00000000099999999933 0.00000000099999999933 0.00000000099999999933 0.00000000099999999933 0.99999999400000005867 0.00000000099999999933 
0.00000000099999999968 0.00000000099999999968 0.00000000099999999968 0.00000000099999999968 0.00000000099999999968 0.99999999400000005867 0.00000000099999999968 
0.00000000099999999856 0.00000000099999999856 0.00000000099999999856 0.00000000099999999856 0.00000000099999999856 0.99999999399999994765 0.00000000099999999856 
0.00000000099999999903 0.00000000099999999903 0.00000000099999999903 0.99999999400000005867 0.00000000099999999903 0.00000000099999999903 0.00000000099999999903 
0.00000000099999999831 0.00000000099999999831 0.00000000099999999831 0.00000000099999999831 0.00000000099999999831 0.99999999399999983662 0.00000000099999999831 
0.00000000099999999819 0.00000000099999999819 0.00000000099999999819 0.00000000099999999819 0.00000000099999999819 0.99999999399999983662 0.00000000099999999819 
0.00000000099999999976 0.00000000099999999976 0.00000000099999999976 0.74295302042076172278 0.00000000099999999976 0.25704697457923819659 0.00000000099999999976 
0.00000000099999999921 0.00000000099999999921 0.22406069183310908799 0.77593930316689085913 0.00000000099999999921 0.00000000099999999921 0.00000000099999999921 
0.00000000099999999903 0.00000000099999999903 0.00000000099999999903 0.99999999399999994765 0.00000000099999999903 0.00000000099999999903 0.00000000099999999903 
0.00000000099999999876 0.00000000099999999876 0.00000000099999999876 0.00000000099999999876 0.00000000099999999876 0.00000000099999999876 0.99999999400000005867 
0.00000000099999999878 0.00000000099999999878 0.00000000099999999878 0.00000000099999999878 0.00000000099999999878 0.00000000099999999878 0.99999999400000005867 
0.00000000099999999908 0.00000000099999999908 0.00000000099999999908 0.92534160793008979340 0.00000000099999999908 0.00000000099999999908 0.07465838706991025087 
0.00000000099999999901 0.00000000099999999901 0.00000000099999999901 0.99999999400000005867 0.00000000099999999901 0.00000000099999999901 0.00000000099999999901 
0.00000000099999999919 0.00000000099999999919 0.00000000099999999919 0.88751154896577977294 0.00000000099999999919 0.00000000099999999919 0.11248844603422029909 
0.00000000099999999905 0.00000000099999999905 0.00000000099999999905 0.86673520669834958063 0.00000000099999999905 0.00000000099999999905 0.13326478830165058853 
0.00000000099999999910 0.00000000099999999910 0.00000000099999999910 0.88665849642605354397 0.00000000099999999910 0.00000000099999999910 0.11334149857394640315 
0.99999999399999994765 0.00000000099999999853 0.00000000099999999853 0.00000000099999999853 0.00000000099999999853 0.00000000099999999853 0.00000000099999999853 
0.00000000099999999957 0.00000000099999999957 0.99999999400000005867 0.00000000099999999957 0.00000000099999999957 0.00000000099999999957 0.00000000099999999957 
0.00000000099999999768 0.00000000099999999768 0.00000000099999999768 0.00000000099999999768 0.00000000099999999768 0.99999999399999994765 0.00000000099999999768 
0.00000000099999999891 0.00000000099999999891 0.00000000099999999891 0.00000000099999999891 0.00000000099999999891 0.99999999399999994765 0.00000000099999999891 
0.99999999399999994765 0.00000000099999999857 0.00000000099999999857 0.00000000099999999857 0.00000000099999999857 0.00000000099999999857 0.00000000099999999857 
0.00000000099999999797 0.00000000099999999797 0.00000000099999999797 0.00000000099999999797 0.00000000099999999797 0.99999999399999983662 0.00000000099999999797 
0.00000000099999999977 0.00000000099999999977 0.00000000099999999977 0.95782275564944863167 0.00000000099999999977 0.04217723935055144729 0.00000000099999999977 
0.00000000099999999925 0.00000000099999999925 0.00000000099999999925 0.00000000099999999925 0.00000000099999999925 0.99999999400000005867 0.00000000099999999925 
0.00000000099999999912 0.00000000099999999912 0.00000000099999999912 0.73588394116108457599 0.00000000099999999912 0.00000000099999999912 0.26411605383891550991 
0.00000000099999999882 0.00000000099999999882 0.00000000099999999882 0.00000000099999999882 0.00000000099999999882 0.99999999399999983662 0.00000000099999999882 
0.99999999399999994765 0.00000000099999999865 0.00000000099999999865 0.00000000099999999865 0.00000000099999999865 0.00000000099999999865 0.00000000099999999865 
0.00000000099999999918 0.00000000099999999918 0.00000000099999999918 0.99999999399999994765 0.00000000099999999918 0.00000000099999999918 0.00000000099999999918 
0.00000000099999999906 0.00000000099999999906 0.88785512089358897825 0.11214487410641098275 0.00000000099999999906 0.00000000099999999906 0.00000000099999999906 
0.00000000099999999915 0.00000000099999999915 0.00000075618898959205 0.99999923881101038248 0.00000000099999999915 0.00000000099999999915 0.00000000099999999915 
0.00000000099999999873 0.00000000099999999873 0.00000000099999999873 0.00000000099999999873 0.00000000099999999873 0.99999999399999983662 0.00000000099999999873 
0.00000000099999999995 0.02591308313260609619 0.00000000099999999995 0.00000000099999999995 0.00000000099999999995 0.95322774521563202743 0.02085916765176188889 
0.01333811966335918600 0.00000000099999999998 0.00000000160062931224 0.01894821874808255355 0.00000000099999999998 0.96771365698792888299 0.00000000099999999998 
0.99999999399999994765 0.00000000099999999875 0.00000000099999999875 0.00000000099999999875 0.00000000099999999875 0.00000000099999999875 0.00000000099999999875 
0.00000000099999999974 0.00000000099999999974 0.00000000099999999974 0.00000000099999999974 0.72191814841147794457 0.27808184658852214133 0.00000000099999999974 
0.00000000099999999971 0.00000000099999999971 0.00000000099999999971 0.00000000099999999971 0.49051985936977904323 0.50948013563022098715 0.00000000099999999971 
0.00000000099999999929 0.00000000099999999929 0.99999999399999994765 0.00000000099999999929 0.00000000099999999929 0.00000000099999999929 0.00000000099999999929 
0.00000000099999999940 0.00000000099999999940 0.99999999399999994765 0.00000000099999999940 0.00000000099999999940 0.00000000099999999940 0.00000000099999999940 
0.00000000099999999797 0.00000000099999999797 0.00000000099999999797 0.00000000099999999797 0.00000000099999999797 0.99999999399999983662 0.00000000099999999797 
0.00000000099999999946 0.00000000099999999946 0.00000000099999999946 0.00000000099999999946 0.99999999400000005867 0.00000000099999999946 0.00000000099999999946 
0.00000000099999999911 0.00000000099999999911 0.00000000099999999911 0.00000000099999999911 0.99999999399999994765 0.00000000099999999911 0.00000000099999999911 
0.00000000099999999770 0.99999999399999983662 0.00000000099999999770 0.00000000099999999770 0.00000000099999999770 0.00000000099999999770 0.00000000099999999770 
0.00000000099999999799 0.99999999399999994765 0.00000000099999999799 0.00000000099999999799 0.00000000099999999799 0.00000000099999999799 0.00000000099999999799 
0.00000000099999999932 0.00000000099999999932 0.99999999399999994765 0.00000000099999999932 0.00000000099999999932 0.00000000099999999932 0.00000000099999999932 
0.00000000099999999786 0.00000000099999999786 0.00000000099999999786 0.00000000099999999786 0.00000000099999999786 0.99999999399999983662 0.00000000099999999786 
0.00000000099999999893 0.00000000099999999893 0.00000000099999999893 0.00000000099999999893 0.00000000099999999893 0.99999999399999994765 0.00000000099999999893 
0.00000000099999999972 0.00000000099999999972 0.00000000099999999972 0.00000000099999999972 0.57191363079228896282 0.42808636420771106756 0.00000000099999999972 
0.00000000099999999891 0.00000000099999999891 0.00000000099999999891 0.00000000099999999891 0.99999999399999994765 0.00000000099999999891 0.00000000099999999891 
0.00000000099999999913 0.00000000099999999913 0.00000000099999999913 0.00000000099999999913 0.99999999399999994765 0.00000000099999999913 0.00000000099999999913 
0.00000000099999999879 0.00000000099999999879 0.00000000099999999879 0.00000000099999999879 0.00000000099999999879 0.00000000099999999879 0.99999999399999994765 
0.00000000099999999915 0.00000000099999999915 0.00000000099999999915 0.85121782172894533414 0.00000000099999999915 0.00000000099999999915 0.14878217327105475176 
0.00000000099999999976 0.00000000099999999976 0.77818810448384523326 0.00000000099999999976 0.00000000099999999976 0.22181189051615485264 0.00000000099999999976 
0.00000000099999999924 0.00000000099999999924 0.99999999399999994765 0.00000000099999999924 0.00000000099999999924 0.00000000099999999924 0.00000000099999999924 
0.00000000099999999851 0.00000000099999999851 0.00000000099999999851 0.00000000099999999851 0.00000000099999999851 0.99999999399999983662 0.00000000099999999851 
0.00000000099999999934 0.00000000099999999934 0.99999999400000005867 0.00000000099999999934 0.00000000099999999934 0.00000000099999999934 0.00000000099999999934 
0.00000000099999999971 0.00000000099999999971 0.00001119648673709340 0.00000000099999999971 0.19503223416730766648 0.80495656534595516618 0.00000000099999999971 
0.00000000099999999971 0.00000000099999999971 0.12122126301665712977 0.00000000099999999971 0.00000000099999999971 0.87877873198334277571 0.00000000099999999971 
0.00000000099999999978 0.00000000099999999978 0.95941940597437469496 0.00000000099999999978 0.00000000099999999978 0.04058058902562526604 0.00000000099999999978 
