0.00000000099999999902 0.99999999300000008695 0.00000000099999999902 0.00000000099999999902 0.00000000099999999902 0.00000000099999999902 0.00000000099999999902 0.00000000099999999902 
0.00000000099999999879 0.99999999299999997593 0.00000000099999999879 0.00000000099999999879 0.00000000099999999879 0.00000000099999999879 0.00000000099999999879 0.00000000099999999879 
0.00000000099999999906 0.00000000099999999906 0.00000000099999999906 0.00000000099999999906 0.99999999299999997593 0.00000000099999999906 0.00000000099999999906 0.00000000099999999906 
0.00000000099999999925 0.00000000099999999925 0.00000000099999999925 0.00000000099999999925 0.00000000099999999925 0.00000000099999999925 0.00000000099999999925 0.99999999299999997593 
0.00000000099999999857 0.99999999300000008695 0.00000000099999999857 0.00000000099999999857 0.00000000099999999857 0.00000000099999999857 0.00000000099999999857 0.00000000099999999857 
0.00000000099999999892 0.99999999299999997593 0.00000000099999999892 0.00000000099999999892 0.00000000099999999892 0.00000000099999999892 0.00000000099999999892 0.00000000099999999892 
0.00000000099999999772 0.00000000099999999772 0.00000000099999999772 0.00000000099999999772 0.00000000099999999772 0.00000000099999999772 0.00000000099999999772 0.99999999300000008695 
0.00000000099999999754 0.00000000099999999754 0.00000000099999999754 0.00000000099999999754 0.00000000099999999754 0.00000000099999999754 0.00000000099999999754 0.99999999300000008695 
0.00000000099999999929 0.69086503668789556176 0.00000000099999999929 0.00000000099999999929 0.30913495731210438588 0.00000000099999999929 0.00000000099999999929 0.00000000099999999929 
0.00000000099999999860 0.99999999299999997593 0.00000000099999999860 0.00000000099999999860 0.00000000099999999860 0.00000000099999999860 0.00000000099999999860 0.00000000099999999860 
0.00000000099999999866 0.99999999299999997593 0.00000000099999999866 0.00000000099999999866 0.00000000099999999866 0.00000000099999999866 0.00000000099999999866 0.00000000099999999866 
0.00000000099999999963 0.00000000099999999963 0.00000000099999999963 0.00000000099999999963 0.08006257595133349503 0.00000000099999999963 0.00000000099999999963 0.91993741804866657752 
0.33125408116582744089 0.00000000099999999945 0.62652036821719059301 0.04222554561698185077 0.00000000099999999945 0.00000000099999999945 0.00000000099999999945 0.00000000099999999945 
0.00000000099999999908 0.00000000099999999908 0.99999999300000008695 0.00000000099999999908 0.00000000099999999908 0.00000000099999999908 0.00000000099999999908 0.00000000099999999908 
0.00000000099999999897 0.00000000099999999897 0.99999999299999997593 0.00000000099999999897 0.00000000099999999897 0.00000000099999999897 0.00000000099999999897 0.00000000099999999897 
0.00000000099999999933 0.00000000099999999933 0.00000000099999999933 0.00000000099999999933 0.00000000099999999933 0.00000000099999999933 0.12213364274091774442 0.87786635125908241140 
0.00000000099999999795 0.00000000099999999795 0.00000000099999999795 0.00000000099999999795 0.00000000099999999795 0.00000000099999999795 0.99999999299999986491 0.00000000099999999795 
0.00000000099999999856 0.00000000099999999856 0.00000000099999999856 0.00000000099999999856 0.00000000099999999856 0.00000000099999999856 0.25960536111761506328 0.74039463288238493988 
0.00000000099999999864 0.00000000099999999864 0.99999999299999986491 0.00000000099999999864 0.00000000099999999864 0.00000000099999999864 0.00000000099999999864 0.00000000099999999864 
0.00000000099999999840 0.00000000099999999840 0.00000000099999999840 0.00000000099999999840 0.00000000099999999840 0.00000000099999999840 0.11435721981772220546 0.88564277418227788097 
0.00000000099999999830 0.00000000099999999830 0.00000000099999999830 0.00000000099999999830 0.00000000099999999830 0.00000000099999999830 0.08842868059465011643 0.91157131340534980346 
0.00000000099999999977 0.00000000099999999977 0.74470994428713122026 0.00000000099999999977 0.00000000099999999977 0.00000000099999999977 0.03291317618695525915 0.22237687452591356485 
0.00000000099999999889 0.21288980964267437135 0.78711018435732571508 0.00000000099999999889 0.00000000099999999889 0.00000000099999999889 0.00000000099999999889 0.00000000099999999889 
0.00000000099999999864 0.00000000099999999864 0.99999999299999997593 0.00000000099999999864 0.00000000099999999864 0.00000000099999999864 0.00000000099999999864 0.00000000099999999864 
0.99999999300000008695 0.00000000099999999832 0.00000000099999999832 0.00000000099999999832 0.00000000099999999832 0.00000000099999999832 0.00000000099999999832 0.00000000099999999832 
0.99999999300000008695 0.00000000099999999834 0.00000000099999999834 0.00000000099999999834 0.00000000099999999834 0.00000000099999999834 0.00000000099999999834 0.00000000099999999834 
0.07520300529034464054 0.00000000099999999871 0.92479698870965532098 0.00000000099999999871 0.00000000099999999871 0.00000000099999999871 0.00000000099999999871 0.00000000099999999871 
0.00000000099999999861 0.00000000099999999861 0.99999999299999997593 0.00000000099999999861 0.00000000099999999861 0.00000000099999999861 0.00000000099999999861 0.00000000099999999861 
0.11574711102860772705 0.00000000099999999887 0.88425288297139226223 0.00000000099999999887 0.00000000099999999887 0.00000000099999999887 0.00000000099999999887 0.00000000099999999887 
0.13621928669830812852 0.00000000099999999868 0.86378070730169187463 0.00000000099999999868 0.00000000099999999868 0.00000000099999999868 0.00000000099999999868 0.00000000099999999868 
0.11475408407188474047 0.00000000099999999874 0.88524590992811524881 0.00000000099999999874 0.00000000099999999874 0.00000000099999999874 0.00000000099999999874 0.00000000099999999874 
0.00000000099999999815 0.00000000099999999815 0.00000000099999999815 0.99999999299999997593 0.00000000099999999815 0.00000000099999999815 0.00000000099999999815 0.00000000099999999815 
0.00000000099999999934 0.56750314519949696113 0.09717788979440626640 0.00000000099999999934 0.33531896000609684450 0.00000000099999999934 0.00000000099999999934 0.00000000099999999934 
0.00000000099999999784 0.00000000099999999784 0.00000000099999999784 0.00000000099999999784 0.00000000099999999784 0.00000000099999999784 0.09489625905861688582 0.90510373494138318673 
0.00000000099999999894 0.00000000099999999894 0.00000000099999999894 0.00000000099999999894 0.00000000099999999894 0.00000000099999999894 0.16115433219014019262 0.83884566180985986605 
0.00000000099999999821 0.00000000099999999821 0.00000000099999999821 0.99999999299999997593 0.00000000099999999821 0.00000000099999999821 0.00000000099999999821 0.00000000099999999821 
0.00000000099999999818 0.00000000099999999818 0.00000000099999999818 0.00000000099999999818 0.00000000099999999818 0.00000000099999999818 0.03572608413038757397 0.96427390986961236674 
0.00000000099999999977 0.00000000099999999977 0.95730006753409457865 0.00000000099999999977 0.00000000099999999977 0.00000000099999999977 0.02317959556363607260 0.01952033190226933404 
0.00000000099999999777 0.00000000099999999777 0.00000000099999999777 0.00000000099999999777 0.00000000099999999777 0.00000000099999999777 0.99999999299999997593 0.00000000099999999777 
0.27441957093864483008 0.00000000099999999877 0.72558042306135517308 0.00000000099999999877 0.00000000099999999877 0.00000000099999999877 0.00000000099999999877 0.00000000099999999877 
0.00000000099999999762 0.00000000099999999762 0.00000000099999999762 0.00000000099999999762 0.00000000099999999762 0.00000000099999999762 0.99999999299999997593 0.00000000099999999762 
0.00000000099999999831 0.00000000099999999831 0.00000000099999999831 0.99999999299999986491 0.00000000099999999831 0.00000000099999999831 0.00000000099999999831 0.00000000099999999831 
0.00000000099999999887 0.00000000099999999887 0.99999999299999997593 0.00000000099999999887 0.00000000099999999887 0.00000000099999999887 0.00000000099999999887 0.00000000099999999887 
0.00000000099999999868 0.86471032385380286467 0.13528967014619713849 0.00000000099999999868 0.00000000099999999868 0.00000000099999999868 0.00000000099999999868 0.00000000099999999868 
0.00000000099999999881 0.01992804024569005267 0.98007195375430999906 0.00000000099999999881 0.00000000099999999881 0.00000000099999999881 0.00000000099999999881 0.00000000099999999881 
0.00000000099999999880 0.00000000099999999880 0.00000000099999999880 0.00000000099999999880 0.00000000099999999880 0.00000000099999999880 0.21053675016779144213 0.78946324383220845000 
0.00000000099999999951 0.00000000099999999951 0.00000000099999999951 0.00000000099999999951 0.00000000099999999951 0.00000000099999999951 0.50433119623716926583 0.49566879776283079284 
0.00000000099999999829 0.00000000099999999829 0.00000000099999999829 0.00000000099999999829 0.00000000099999999829 0.00000000099999999829 0.99999999299999986491 0.00000000099999999829 
0.00000000099999999840 0.00000000099999999840 0.00000000099999999840 0.99999999299999997593 0.00000000099999999840 0.00000000099999999840 0.00000000099999999840 0.00000000099999999840 
0.00000000099999999969 0.00000000099999999969 0.00000000099999999969 0.00000000099999999969 0.76111577054021262168 0.00000000099999999969 0.00000000099999999969 0.23888422345978749251 
0.00000000099999999968 0.25431842507840513035 0.00000000099999999968 0.00000000099999999968 0.24943953048843137132 0.00000000099999999968 0.00000000099999999968 0.49624203943316341769 
0.00000000099999999909 0.99999999300000008695 0.00000000099999999909 0.00000000099999999909 0.00000000099999999909 0.00000000099999999909 0.00000000099999999909 0.00000000099999999909 
0.00000000099999999924 0.99999999300000008695 0.00000000099999999924 0.00000000099999999924 0.00000000099999999924 0.00000000099999999924 0.00000000099999999924 0.00000000099999999924 
0.00000000099999999775 0.00000000099999999775 0.00000000099999999775 0.00000000099999999775 0.00000000099999999775 0.00000000099999999775 0.00000000099999999775 0.99999999299999997593 
0.00000000099999999910 0.00000000099999999910 0.00000000099999999910 0.00000000099999999910 0.99999999299999997593 0.00000000099999999910 0.00000000099999999910 0.00000000099999999910 
0.00000000099999999932 0.99999999300000008695 0.00000000099999999932 0.00000000099999999932 0.00000000099999999932 0.00000000099999999932 0.00000000099999999932 0.00000000099999999932 
0.00000000099999999746 0.00000000099999999746 0.00000000099999999746 0.00000000099999999746 0.00000000099999999746 0.99999999299999975388 0.00000000099999999746 0.00000000099999999746 
0.00000000099999999776 0.00000000099999999776 0.00000000099999999776 0.00000000099999999776 0.00000000099999999776 0.99999999299999975388 0.00000000099999999776 0.00000000099999999776 
0.00000000099999999912 0.99999999300000008695 0.00000000099999999912 0.00000000099999999912 0.00000000099999999912 0.00000000099999999912 0.00000000099999999912 0.00000000099999999912 
0.00000000099999999765 0.00000000099999999765 0.00000000099999999765 0.00000000099999999765 0.00000000099999999765 0.00000000099999999765 0.00000000099999999765 0.99999999300000008695 
0.00000000099999999860 0.00000000099999999860 0.00000000099999999860 0.00000000099999999860 0.00000000099999999860 0.00000000099999999860 0.00000000099999999860 0.99999999299999997593 
0.00000000099999999967 0.56872605710457579953 0.00000000099999999967 0.00000000099999999967 0.00000000099999999967 0.00000000099999999967 0.00000000099999999967 0.43127393689542442567 
0.00000000099999999860 0.99999999300000008695 0.00000000099999999860 0.00000000099999999860 0.00000000099999999860 0.00000000099999999860 0.00000000099999999860 0.00000000099999999860 
0.00000000099999999933 0.99999999300000019797 0.00000000099999999933 0.00000000099999999933 0.00000000099999999933 0.00000000099999999933 0.00000000099999999933 0.00000000099999999933 
0.99999999299999997593 0.00000000099999999836 0.00000000099999999836 0.00000000099999999836 0.00000000099999999836 0.00000000099999999836 0.00000000099999999836 0.00000000099999999836 
0.15379842160439646803 0.00000000099999999881 0.84620157239560356288 0.00000000099999999881 0.00000000099999999881 0.00000000099999999881 0.00000000099999999881 0.00000000099999999881 
0.00000000099999999970 0.00043921867208931222 0.00000000099999999970 0.00000000099999999970 0.82310683683456131732 0.00000000099999999970 0.00000000099999999970 0.17645393949334939321 
0.00000000099999999906 0.99999999300000008695 0.00000000099999999906 0.00000000099999999906 0.00000000099999999906 0.00000000099999999906 0.00000000099999999906 0.00000000099999999906 
0.00000000099999999823 0.00000000099999999823 0.00000000099999999823 0.00000000099999999823 0.00000000099999999823 0.00000000099999999823 0.00000000099999999823 0.99999999299999997593 
0.00000000099999999906 0.66631647963813012137 0.01854776901075462850 0.00000000099999999906 0.31513574635111540889 0.00000000099999999906 0.00000000099999999906 0.00000000099999999906 
0.00000000099999999966 0.00000000099999999966 0.00000000099999999966 0.00000000099999999966 0.21376847351213404402 0.00000000099999999966 0.00000000099999999966 0.78623152048786604240 
0.00000000099999999968 0.00011911363113460542 0.00000000099999999968 0.00000000099999999968 0.13487667827694849176 0.00000000099999999968 0.00000000099999999968 0.86500420309191694557 
0.00000000099999999906 0.04927694886239988858 0.00000000099999999906 0.00000000099999999906 0.95072304513760019784 0.00000000099999999906 0.00000000099999999906 0.00000000099999999906 
