0.00000000099999999911 0.00000000099999999911 0.00000000099999999911 0.99999999599999989108 0.00000000099999999911 
0.00000000099999999892 0.00000000099999999892 0.00000000099999999892 0.99999999600000000211 0.00000000099999999892 
0.00000000099999999975 0.00000000099999999975 0.00000002096229453648 0.92967526095637476047 0.07032471608133068763 
0.00000000099999999954 0.00000000099999999954 0.00000000099999999954 0.00000000099999999954 0.99999999599999989108 
0.00000000099999999878 0.00000000099999999878 0.00000000099999999878 0.99999999600000000211 0.00000000099999999878 
0.00000000099999999910 0.00000000099999999910 0.00000000099999999910 0.99999999600000000211 0.00000000099999999910 
0.00000000099999999878 0.00000000099999999878 0.00000000099999999878 0.00000000099999999878 0.99999999599999989108 
0.00000000099999999873 0.00000000099999999873 0.00000000099999999873 0.00000000099999999873 0.99999999599999989108 
0.00000000099999999953 0.00000000099999999953 0.00000000099999999953 0.99999999600000000211 0.00000000099999999953 
0.00000000099999999880 0.00000000099999999880 0.00000000099999999880 0.99999999600000000211 0.00000000099999999880 
0.00000000099999999885 0.00000000099999999885 0.00000000099999999885 0.99999999600000000211 0.00000000099999999885 
0.00000000099999999972 0.00000000099999999972 0.00000000099999999972 0.07074401509971965651 0.92925598190028024792 
0.00000000099999999909 0.00000000099999999909 0.99999999599999989108 0.00000000099999999909 0.00000000099999999909 
0.00000000099999999913 0.00000000099999999913 0.99590102188449936005 0.00409897511550056087 0.00000000099999999913 
0.00000000099999999952 0.13940339753266872691 0.00000000099999999952 0.00000000099999999952 0.86059659946733135794 
0.00000000099999999894 0.99999999600000000211 0.00000000099999999894 0.00000000099999999894 0.00000000099999999894 
0.00000000099999999924 0.27012185242162772836 0.00000000099999999924 0.00000000099999999924 0.72987814457837218995 
0.00000000099999999883 0.00000000099999999883 0.99991030273078473911 0.00008969426921508824 0.00000000099999999883 
0.00000000099999999915 0.10032442726439452785 0.00000000099999999915 0.00000000099999999915 0.89967556973560547373 
0.00000000099999999981 0.03548741861471083059 0.73978069621713038462 0.00347291351485588514 0.22125897065330282776 
0.00000000099999999896 0.00000000099999999896 0.71448223143646638622 0.28551776556353342107 0.00000000099999999896 
0.00000000099999999882 0.00000000099999999882 0.98770703250240421411 0.01229296449759565389 0.00000000099999999882 
0.00000000099999999878 0.00000000099999999878 0.99999999599999978006 0.00000000099999999878 0.00000000099999999878 
0.00000000099999999879 0.00000000099999999879 0.99999999599999989108 0.00000000099999999879 0.00000000099999999879 
0.00000000099999999883 0.00000000099999999883 0.99999999599999989108 0.00000000099999999883 0.00000000099999999883 
0.00000000099999999877 0.00000000099999999877 0.99743200100264395314 0.00256799599735589492 0.00000000099999999877 
0.00000000099999999896 0.00000000099999999896 0.99999998893985442283 0.00000000806014547880 0.00000000099999999896 
0.00000000099999999882 0.00000000099999999882 0.99999999599999989108 0.00000000099999999882 0.00000000099999999882 
0.00000000099999999886 0.00000000099999999886 0.99999999599999989108 0.00000000099999999886 0.00000000099999999886 
0.35405462448892743854 0.00000000099999999973 0.64593172006509458338 0.00001365344597783877 0.00000000099999999973 
0.00000000099999999896 0.11223823099870929021 0.00000000099999999896 0.00000000099999999896 0.88776176600129064198 
0.00000000099999999946 0.17562162851501914029 0.00000000099999999946 0.00000000099999999946 0.82437836848498091680 
0.36218518977880792553 0.00000000099999999976 0.63774928015996246167 0.00006552806122947989 0.00000000099999999976 
0.00000000099999999912 0.05503683360392550711 0.00000000099999999912 0.00000000099999999912 0.94496316339607444590 
0.00000000099999999981 0.02679350599305095268 0.96137025760759597937 0.00000000099999999981 0.01183623439935308982 
0.00000000099999999888 0.99999999599999989108 0.00000000099999999888 0.00000000099999999888 0.00000000099999999888 
0.00000000099999999884 0.00000000099999999884 0.99999999599999989108 0.00000000099999999884 0.00000000099999999884 
0.00000000099999999880 0.99999999600000000211 0.00000000099999999880 0.00000000099999999880 0.00000000099999999880 
0.00000000099999999900 0.00000000099999999900 0.99999999228821490060 0.00000000471178500046 0.00000000099999999900 
0.00000000099999999886 0.00000000099999999886 0.12394247673471693594 0.87605752026528305176 0.00000000099999999886 
0.00000000099999999896 0.00000000099999999896 0.95008566831129537267 0.04991432868870456646 0.00000000099999999896 
0.00000000099999999944 0.20197218778860520638 0.00000000099999999944 0.00000000099999999944 0.79802780921139482295 
0.00000000099999999911 0.99999999600000011313 0.00000000099999999911 0.00000000099999999911 0.00000000099999999911 
0.00000000099999999977 0.00000000099999999977 0.00000006521208041686 0.72522524014500933109 0.27477469264291037865 
0.00000000099999999974 0.00000000099999999974 0.00000000099999999974 0.49008826760155427271 0.50991172939844575662 
0.00000000099999999928 0.00000000099999999928 0.00000000099999999928 0.99999999599999989108 0.00000000099999999928 
0.00000000099999999939 0.00000000099999999939 0.00000000099999999939 0.99999999599999989108 0.00000000099999999939 
0.00000000099999999883 0.00000000099999999883 0.00000000099999999883 0.00000000099999999883 0.99999999599999989108 
0.00000000099999999976 0.00000000099999999976 0.00000906888726086483 0.94281862709145969337 0.05717230202127949329 
0.00000000099999999935 0.00000000099999999935 0.00000000099999999935 0.99999999600000000211 0.00000000099999999935 
0.99999999600000000211 0.00000000099999999885 0.00000000099999999885 0.00000000099999999885 0.00000000099999999885 
0.99999999600000000211 0.00000000099999999904 0.00000000099999999904 0.00000000099999999904 0.00000000099999999904 
0.00000000099999999931 0.00000000099999999931 0.00000000099999999931 0.99999999600000000211 0.00000000099999999931 
0.00000000099999999875 0.00000000099999999875 0.00000000099999999875 0.00000000099999999875 0.99999999600000000211 
0.00000000099999999916 0.00000000099999999916 0.00000000099999999916 0.00000000099999999916 0.99999999599999989108 
0.00000000099999999973 0.00000000099999999973 0.00000000099999999973 0.56697947861282593784 0.43302051838717414700 
0.00000000099999999878 0.00000000099999999878 0.00000000099999999878 0.99999999599999989108 0.00000000099999999878 
0.00000000099999999950 0.00000000099999999950 0.00000000099999999950 0.99999999599999989108 0.00000000099999999950 
0.00000000099999999976 0.00000000099999999976 0.00150536597280004781 0.77961728535529251083 0.21887734667190744675 
0.00000000099999999921 0.00000000099999999921 0.00000000099999999921 0.99999999599999989108 0.00000000099999999921 
0.00000000099999999901 0.00000000099999999901 0.00000000099999999901 0.00000000099999999901 0.99999999600000000211 
0.00000000099999999933 0.00000000099999999933 0.00043471651511583825 0.99956528048488413329 0.00000000099999999933 
0.00000000099999999974 0.00000000099999999974 0.00000000099999999974 0.20512802166274907156 0.79487197533725095777 
0.00000000099999999973 0.00000000099999999973 0.00000000099999999973 0.14599952372106514420 0.85400047327893491289 
0.00000000099999999978 0.00000000099999999978 0.00102525963510762528 0.96050504132163383453 0.03846969704325856054 
