0.99999999500000014141 0.00000000099999999900 0.00000000099999999900 0.00000000099999999900 0.00000000099999999900 0.00000000099999999900 
0.99999999499999991937 0.00000000099999999880 0.00000000099999999880 0.00000000099999999880 0.00000000099999999880 0.00000000099999999880 
0.92971035024532000524 0.00000004759142799387 0.07028959916325200341 0.00000000099999999968 0.00000000099999999968 0.00000000099999999968 
0.00000000099999999943 0.00000000099999999943 0.99999999499999991937 0.00000000099999999943 0.00000000099999999943 0.00000000099999999943 
0.99999999500000003039 0.00000000099999999865 0.00000000099999999865 0.00000000099999999865 0.00000000099999999865 0.00000000099999999865 
0.99999999499999991937 0.00000000099999999900 0.00000000099999999900 0.00000000099999999900 0.00000000099999999900 0.00000000099999999900 
0.00000000099999999844 0.00000000099999999844 0.99999999499999980834 0.00000000099999999844 0.00000000099999999844 0.00000000099999999844 
0.00000000099999999837 0.00000000099999999837 0.99999999499999991937 0.00000000099999999837 0.00000000099999999837 0.00000000099999999837 
0.99999999500000003039 0.00000000099999999946 0.00000000099999999946 0.00000000099999999946 0.00000000099999999946 0.00000000099999999946 
0.99999999499999991937 0.00000000099999999867 0.00000000099999999867 0.00000000099999999867 0.00000000099999999867 0.00000000099999999867 
0.99999999500000003039 0.00000000099999999873 0.00000000099999999873 0.00000000099999999873 0.00000000099999999873 0.00000000099999999873 
0.07074881840753834139 0.00000000099999999966 0.92925117759246167459 0.00000000099999999966 0.00000000099999999966 0.00000000099999999966 
0.00000359060399966855 0.97144712411686451325 0.00000000099999999911 0.00000000099999999911 0.00000000099999999911 0.02854928227913575839 
0.00871845620529391671 0.99128153979470612356 0.00000000099999999904 0.00000000099999999904 0.00000000099999999904 0.00000000099999999904 
0.00000000099999999939 0.00000000099999999939 0.86059825459315386631 0.13940174140684602477 0.00000000099999999939 0.00000000099999999939 
0.00000000099999999864 0.00000000099999999864 0.00000000099999999864 0.99999999499999991937 0.00000000099999999864 0.00000000099999999864 
0.00000000099999999901 0.00000000099999999901 0.72999908439045912978 0.27000091160954081682 0.00000000099999999901 0.00000000099999999901 
0.00009627020239108855 0.99990372579760888883 0.00000000099999999870 0.00000000099999999870 0.00000000099999999870 0.00000000099999999870 
0.00000000099999999890 0.00000000099999999890 0.89968191243461659301 0.10031808356538318705 0.00000000099999999890 0.00000000099999999890 
0.01891431826629052376 0.72289069378035031299 0.22236715402186973956 0.03582783193148950107 0.00000000099999999976 0.00000000099999999976 
0.27257013886218028897 0.72742985713781960211 0.00000000099999999887 0.00000000099999999887 0.00000000099999999887 0.00000000099999999887 
0.00154527921038223148 0.99845471678961772444 0.00000000099999999870 0.00000000099999999870 0.00000000099999999870 0.00000000099999999870 
0.00000000099999999868 0.99999999499999991937 0.00000000099999999868 0.00000000099999999868 0.00000000099999999868 0.00000000099999999868 
0.00000000099999999868 0.99999999499999991937 0.00000000099999999868 0.00000000099999999868 0.00000000099999999868 0.00000000099999999868 
0.00000000099999999874 0.99999999500000003039 0.00000000099999999874 0.00000000099999999874 0.00000000099999999874 0.00000000099999999874 
0.00035812906882799002 0.99964186693117185190 0.00000000099999999866 0.00000000099999999866 0.00000000099999999866 0.00000000099999999866 
0.00000000099999999888 0.99999999500000003039 0.00000000099999999888 0.00000000099999999888 0.00000000099999999888 0.00000000099999999888 
0.00000000099999999873 0.99999999500000003039 0.00000000099999999873 0.00000000099999999873 0.00000000099999999873 0.00000000099999999873 
0.00000000099999999879 0.99999999499999991937 0.00000000099999999879 0.00000000099999999879 0.00000000099999999879 0.00000000099999999879 
0.00000000099999999840 0.00000000099999999840 0.00000000099999999840 0.00000000099999999840 0.00000000099999999840 0.99999999499999991937 
0.00000000099999999865 0.00000000099999999865 0.88778197309749906641 0.11221802290250069978 0.00000000099999999865 0.00000000099999999865 
0.00000000099999999937 0.00000000099999999937 0.82438330821076633015 0.17561668778923358869 0.00000000099999999937 0.00000000099999999937 
0.00000000099999999842 0.00000000099999999842 0.00000000099999999842 0.00000000099999999842 0.00000000099999999842 0.99999999500000003039 
0.00000000099999999886 0.00000000099999999886 0.94497618345050238275 0.05502381254949751527 0.00000000099999999886 0.00000000099999999886 
0.00003466639657483080 0.96039501183907693971 0.01153228809137995907 0.02803803167296837345 0.00000000099999999978 0.00000000099999999978 
0.00000000099999999857 0.00000000099999999857 0.00000000099999999857 0.99999999499999980834 0.00000000099999999857 0.00000000099999999857 
0.00000000099999999875 0.99999999500000003039 0.00000000099999999875 0.00000000099999999875 0.00000000099999999875 0.00000000099999999875 
0.00000000099999999846 0.00000000099999999846 0.00000000099999999846 0.99999999499999980834 0.00000000099999999846 0.00000000099999999846 
0.00000001059226814598 0.99999998540773171740 0.00000000099999999890 0.00000000099999999890 0.00000000099999999890 0.00000000099999999890 
0.87235512976145346276 0.12764486623854642833 0.00000000099999999875 0.00000000099999999875 0.00000000099999999875 0.00000000099999999875 
0.02945627915973275668 0.97054371684026718992 0.00000000099999999885 0.00000000099999999885 0.00000000099999999885 0.00000000099999999885 
0.00000000099999999929 0.00000000099999999929 0.79804974683665463875 0.20195024916334530785 0.00000000099999999929 0.00000000099999999929 
0.00000000099999999888 0.00000000099999999888 0.00000000099999999888 0.99999999499999980834 0.00000000099999999888 0.00000000099999999888 
0.72526038105945755952 0.00000010094900459003 0.27473951499153775879 0.00000000099999999972 0.00000000099999999972 0.00000000099999999972 
0.49011693251805615867 0.00000000099999999968 0.50988306348194367690 0.00000000099999999968 0.00000000099999999968 0.00000000099999999968 
0.99999999500000014141 0.00000000099999999920 0.00000000099999999920 0.00000000099999999920 0.00000000099999999920 0.00000000099999999920 
0.99999998258106703730 0.00000001341893300464 0.00000000099999999934 0.00000000099999999934 0.00000000099999999934 0.00000000099999999934 
0.00000000099999999851 0.00000000099999999851 0.99999999499999991937 0.00000000099999999851 0.00000000099999999851 0.00000000099999999851 
0.94284292976247363605 0.00001880847315248542 0.05713825876437392953 0.00000000099999999972 0.00000000099999999972 0.00000000099999999972 
0.99999999500000003039 0.00000000099999999926 0.00000000099999999926 0.00000000099999999926 0.00000000099999999926 0.00000000099999999926 
0.00000000099999999815 0.00000000099999999815 0.00000000099999999815 0.00000000099999999815 0.99999999499999991937 0.00000000099999999815 
0.00000000099999999841 0.00000000099999999841 0.00000000099999999841 0.00000000099999999841 0.99999999499999991937 0.00000000099999999841 
0.99999999500000003039 0.00000000099999999922 0.00000000099999999922 0.00000000099999999922 0.00000000099999999922 0.00000000099999999922 
0.00000000099999999840 0.00000000099999999840 0.99999999499999991937 0.00000000099999999840 0.00000000099999999840 0.00000000099999999840 
0.00000000099999999894 0.00000000099999999894 0.99999999499999980834 0.00000000099999999894 0.00000000099999999894 0.00000000099999999894 
0.56700939383082993306 0.00000000099999999968 0.43299060216917012456 0.00000000099999999968 0.00000000099999999968 0.00000000099999999968 
0.99999999500000003039 0.00000000099999999865 0.00000000099999999865 0.00000000099999999865 0.00000000099999999865 0.00000000099999999865 
0.99999999500000003039 0.00000000099999999944 0.00000000099999999944 0.00000000099999999944 0.00000000099999999944 0.00000000099999999944 
0.78065384289726880152 0.00049476970049617023 0.21885138440223511624 0.00000000099999999971 0.00000000099999999971 0.00000000099999999971 
0.99999999270251138661 0.00000000329748859125 0.00000000099999999912 0.00000000099999999912 0.00000000099999999912 0.00000000099999999912 
0.00000000099999999874 0.00000000099999999874 0.99999999499999991937 0.00000000099999999874 0.00000000099999999874 0.00000000099999999874 
0.99849829705110826339 0.00150169894889187684 0.00000000099999999924 0.00000000099999999924 0.00000000099999999924 0.00000000099999999924 
0.20514157113967695922 0.00000000099999999968 0.79485842486032309839 0.00000000099999999968 0.00000000099999999968 0.00000000099999999968 
0.14600740349247331995 0.00000000099999999967 0.85399259250752668216 0.00000000099999999967 0.00000000099999999967 0.00000000099999999967 
0.96018909991885892374 0.00137831879072809185 0.03843257829041298035 0.00000000099999999973 0.00000000099999999973 0.00000000099999999973 
