0.99999999399999994765 0.00000000099999999892 0.00000000099999999892 0.00000000099999999892 0.00000000099999999892 0.00000000099999999892 0.00000000099999999892 
0.99999999399999994765 0.00000000099999999870 0.00000000099999999870 0.00000000099999999870 0.00000000099999999870 0.00000000099999999870 0.00000000099999999870 
0.92973980240957521115 0.00000000099999999966 0.00000000099999999966 0.00000000099999999966 0.00000000371078714883 0.00000000099999999966 0.07026018987963765505 
0.00000000099999999936 0.00000000099999999936 0.00000000099999999936 0.00000000099999999936 0.00000000099999999936 0.00000000099999999936 0.99999999400000005867 
0.99999999400000005867 0.00000000099999999854 0.00000000099999999854 0.00000000099999999854 0.00000000099999999854 0.00000000099999999854 0.00000000099999999854 
0.99999999399999994765 0.00000000099999999892 0.00000000099999999892 0.00000000099999999892 0.00000000099999999892 0.00000000099999999892 0.00000000099999999892 
0.00000000099999999814 0.00000000099999999814 0.00000000099999999814 0.00000000099999999814 0.00000000099999999814 0.00000000099999999814 0.99999999400000005867 
0.00000000099999999805 0.00000000099999999805 0.00000000099999999805 0.00000000099999999805 0.00000000099999999805 0.00000000099999999805 0.99999999400000005867 
0.99999999400000016969 0.00000000099999999943 0.00000000099999999943 0.00000000099999999943 0.00000000099999999943 0.00000000099999999943 0.00000000099999999943 
0.99999999400000005867 0.00000000099999999855 0.00000000099999999855 0.00000000099999999855 0.00000000099999999855 0.00000000099999999855 0.00000000099999999855 
0.99999999400000005867 0.00000000099999999862 0.00000000099999999862 0.00000000099999999862 0.00000000099999999862 0.00000000099999999862 0.00000000099999999862 
0.07066381253009490493 0.00000000099999999960 0.00000000099999999960 0.00000000099999999960 0.00000000099999999960 0.00000000099999999960 0.92933618246990501444 
0.00075595164761847863 0.02682260710794501929 0.00000000099999999906 0.00000000099999999906 0.97242143724443641517 0.00000000099999999906 0.00000000099999999906 
0.03475268348880811847 0.00000000099999999898 0.00000000099999999898 0.00000000099999999898 0.96524731151119180783 0.00000000099999999898 0.00000000099999999898 
0.00000000099999999930 0.00000000099999999930 0.14055019338070859347 0.00000000099999999930 0.00000000099999999930 0.00000000099999999930 0.85944980161929152018 
0.00000000099999999837 0.00000000099999999837 0.99999999399999994765 0.00000000099999999837 0.00000000099999999837 0.00000000099999999837 0.00000000099999999837 
0.00000000099999999883 0.00000000099999999883 0.27110141809447213523 0.00000000099999999883 0.00000000099999999883 0.00000000099999999883 0.72889857690552772862 
0.00766215611231112464 0.00000000099999999861 0.00000000099999999861 0.00000000099999999861 0.99233783888768889447 0.00000000099999999861 0.00000000099999999861 
0.00000000099999999868 0.00000000099999999868 0.10147728598096364405 0.00000000099999999868 0.00000000099999999868 0.00000000099999999868 0.89852270901903630307 
0.00000000099999999905 0.00000000099999999905 0.00000000099999999905 0.00000000099999999905 0.00000000099999999905 0.99999999399999994765 0.00000000099999999905 
0.28676355894118216172 0.00000000099999999879 0.00000000099999999879 0.00000000099999999879 0.71323643605881759111 0.00000000099999999879 0.00000000099999999879 
0.01844909642232949940 0.00000000099999999862 0.00000000099999999862 0.00000000099999999862 0.98155089857767030548 0.00000000099999999862 0.00000000099999999862 
0.00000000099999999855 0.00000000099999999855 0.00000000099999999855 0.00000000099999999855 0.99999999399999983662 0.00000000099999999855 0.00000000099999999855 
0.00000000099999999856 0.00000000099999999856 0.00000000099999999856 0.00000000099999999856 0.99999999399999994765 0.00000000099999999856 0.00000000099999999856 
0.00000000099999999863 0.00000000099999999863 0.00000000099999999863 0.00000000099999999863 0.99999999399999983662 0.00000000099999999863 0.00000000099999999863 
0.00232048472636257495 0.00000000099999999856 0.00000000099999999856 0.00000000099999999856 0.99767951027363721561 0.00000000099999999856 0.00000000099999999856 
0.00000000099999999878 0.00000000099999999878 0.00000000099999999878 0.00000000099999999878 0.99999999399999994765 0.00000000099999999878 0.00000000099999999878 
0.00000000099999999862 0.00000000099999999862 0.00000000099999999862 0.00000000099999999862 0.99999999399999983662 0.00000000099999999862 0.00000000099999999862 
0.00000000099999999868 0.00000000099999999868 0.00000000099999999868 0.00000000099999999868 0.99999999399999994765 0.00000000099999999868 0.00000000099999999868 
0.00000000099999999816 0.99999999400000005867 0.00000000099999999816 0.00000000099999999816 0.00000000099999999816 0.00000000099999999816 0.00000000099999999816 
0.00000000099999999837 0.00000000099999999837 0.11323234353632663507 0.00000000099999999837 0.00000000099999999837 0.00000000099999999837 0.88676765146367342307 
0.00000000099999999924 0.00000000099999999924 0.17641566182666490459 0.00000000099999999924 0.00000000099999999924 0.00000000099999999924 0.82358433317333501478 
0.00000000099999999817 0.99999999400000005867 0.00000000099999999817 0.00000000099999999817 0.00000000099999999817 0.00000000099999999817 0.00000000099999999817 
0.00000000099999999863 0.00000000099999999863 0.05668684954703847451 0.00000000099999999863 0.00000000099999999863 0.00000000099999999863 0.94331314545296141016 
0.00008034002615591354 0.00000000099999999939 0.00000000099999999939 0.00000000099999999939 0.82400388831792259481 0.17591576765592137344 0.00000000099999999939 
0.00000000099999999827 0.00000000099999999827 0.99999999399999994765 0.00000000099999999827 0.00000000099999999827 0.00000000099999999827 0.00000000099999999827 
0.00000000099999999864 0.00000000099999999864 0.00000000099999999864 0.00000000099999999864 0.99999999399999983662 0.00000000099999999864 0.00000000099999999864 
0.00000000099999999814 0.00000000099999999814 0.99999999399999983662 0.00000000099999999814 0.00000000099999999814 0.00000000099999999814 0.00000000099999999814 
0.00000018048166370490 0.00000000099999999882 0.00000000099999999882 0.00000000099999999882 0.99999981451833630519 0.00000000099999999882 0.00000000099999999882 
0.87303508621095893272 0.00000000099999999866 0.00000000099999999866 0.00000000099999999866 0.12696490878904104216 0.00000000099999999866 0.00000000099999999866 
0.04489543889963898415 0.00000000099999999877 0.00000000099999999877 0.00000000099999999877 0.95510455610036093521 0.00000000099999999877 0.00000000099999999877 
0.00000000099999999915 0.00000000099999999915 0.20289612294999470610 0.00000000099999999915 0.00000000099999999915 0.00000000099999999915 0.79710387205000543531 
0.00000000099999999866 0.00000000099999999866 0.99999999399999994765 0.00000000099999999866 0.00000000099999999866 0.00000000099999999866 0.00000000099999999866 
0.72522523869373323180 0.00000000099999999970 0.00000000099999999970 0.00000000099999999970 0.00000000214485444630 0.00000000099999999970 0.27477475516141242062 
0.49008680229340456647 0.00000000099999999968 0.00000000099999999968 0.00000000099999999968 0.00000000099999999968 0.00000033966631368917 0.50991285404028163786 
0.99999999400000016969 0.00000000099999999916 0.00000000099999999916 0.00000000099999999916 0.00000000099999999916 0.00000000099999999916 0.00000000099999999916 
0.99999999400000005867 0.00000000099999999929 0.00000000099999999929 0.00000000099999999929 0.00000000099999999929 0.00000000099999999929 0.00000000099999999929 
0.00000000099999999822 0.00000000099999999822 0.00000000099999999822 0.00000000099999999822 0.00000000099999999822 0.00000000099999999822 0.99999999400000005867 
0.91034159538569081604 0.00000000099999999971 0.00000000099999999971 0.00000000099999999971 0.00000006161213790238 0.04511958108435376591 0.04453875891781761825 
0.99999999400000016969 0.00000000099999999919 0.00000000099999999919 0.00000000099999999919 0.00000000099999999919 0.00000000099999999919 0.00000000099999999919 
0.00000000099999999775 0.00000000099999999775 0.00000000099999999775 0.99999999399999972560 0.00000000099999999775 0.00000000099999999775 0.00000000099999999775 
0.00000000099999999807 0.00000000099999999807 0.00000000099999999807 0.99999999399999994765 0.00000000099999999807 0.00000000099999999807 0.00000000099999999807 
0.99999999400000016969 0.00000000099999999916 0.00000000099999999916 0.00000000099999999916 0.00000000099999999916 0.00000000099999999916 0.00000000099999999916 
0.00000000099999999810 0.00000000099999999810 0.00000000099999999810 0.00000000099999999810 0.00000000099999999810 0.00000000099999999810 0.99999999399999994765 
0.00000000099999999874 0.00000000099999999874 0.00000000099999999874 0.00000000099999999874 0.00000000099999999874 0.00000000099999999874 0.99999999400000005867 
0.56698166267531546758 0.00000000099999999966 0.00000000099999999966 0.00000000099999999966 0.00000000099999999966 0.00000000099999999966 0.43301833232468467383 
0.99999999399999994765 0.00000000099999999854 0.00000000099999999854 0.00000000099999999854 0.00000000099999999854 0.00000000099999999854 0.00000000099999999854 
0.99999999400000005867 0.00000000099999999940 0.00000000099999999940 0.00000000099999999940 0.00000000099999999940 0.00000000099999999940 0.00000000099999999940 
0.66392797636803002614 0.00000000099999999968 0.00000000099999999968 0.00000000099999999968 0.00000000099999999968 0.15872390660826696251 0.17734811302370306896 
0.99999999400000005867 0.00000000099999999904 0.00000000099999999904 0.00000000099999999904 0.00000000099999999904 0.00000000099999999904 0.00000000099999999904 
0.00000000099999999850 0.00000000099999999850 0.00000000099999999850 0.00000000099999999850 0.00000000099999999850 0.00000000099999999850 0.99999999400000005867 
0.99823584205373472322 0.00000000099999999919 0.00000000099999999919 0.00000000099999999919 0.00176415294626540496 0.00000000099999999919 0.00000000099999999919 
0.20510185240233858028 0.00000000099999999967 0.00000000099999999967 0.00000000099999999967 0.00000000099999999967 0.00000000099999999967 0.79489814259766133908 
0.14598804266761464254 0.00000000099999999965 0.00000000099999999965 0.00000000099999999965 0.00000000099999999965 0.00000000099999999965 0.85401195233238536009 
0.95978303852910884508 0.00000000099999999974 0.00000000099999999974 0.00000000099999999974 0.00163838116253036499 0.00000869925819519736 0.03856987805016574150 
