0.00000000099999999896 0.00000000099999999896 0.00000000099999999896 0.00000000099999999896 0.99999999114558790758 0.00000000099999999896 0.00000000285441206254 0.00000000099999999896 
0.00000000099999999876 0.00000000099999999876 0.00000000099999999876 0.00000000099999999876 0.99999999185676924363 0.00000000099999999876 0.00000000214323063901 0.00000000099999999876 
0.00000000099999999917 0.00000000099999999917 0.38722566099701821729 0.00000000099999999917 0.61277433300298178587 0.00000000099999999917 0.00000000099999999917 0.00000000099999999917 
0.99999999300000019797 0.00000000099999999929 0.00000000099999999929 0.00000000099999999929 0.00000000099999999929 0.00000000099999999929 0.00000000099999999929 0.00000000099999999929 
0.00000000099999999854 0.00000000099999999854 0.00000000099999999854 0.00000000099999999854 0.99999999299999986491 0.00000000099999999854 0.00000000099999999854 0.00000000099999999854 
0.00000000099999999891 0.00000000099999999891 0.00000000099999999891 0.00000000099999999891 0.99999999299999997593 0.00000000099999999891 0.00000000099999999891 0.00000000099999999891 
0.99999999299999997593 0.00000000099999999773 0.00000000099999999773 0.00000000099999999773 0.00000000099999999773 0.00000000099999999773 0.00000000099999999773 0.00000000099999999773 
0.99999999299999997593 0.00000000099999999762 0.00000000099999999762 0.00000000099999999762 0.00000000099999999762 0.00000000099999999762 0.00000000099999999762 0.00000000099999999762 
0.00000000099999999940 0.00000000099999999940 0.00000000099999999940 0.00000000099999999940 0.99999999299999997593 0.00000000099999999940 0.00000000099999999940 0.00000000099999999940 
0.00000000099999999855 0.00000000099999999855 0.00000000099999999855 0.00000000099999999855 0.99999999299999986491 0.00000000099999999855 0.00000000099999999855 0.00000000099999999855 
0.00000000099999999861 0.00000000099999999861 0.00000000099999999861 0.00000000099999999861 0.99999999299999986491 0.00000000099999999861 0.00000000099999999861 0.00000000099999999861 
0.92930754793128678148 0.00000000099999999962 0.00000000099999999962 0.00000000099999999962 0.07069244606871323555 0.00000000099999999962 0.00000000099999999962 0.00000000099999999962 
0.00000000099999999874 0.99999999299999997593 0.00000000099999999874 0.00000000099999999874 0.00000000099999999874 0.00000000099999999874 0.00000000099999999874 0.00000000099999999874 
0.00000000099999999867 0.99999999287861274233 0.00000000099999999867 0.00000000099999999867 0.00000000099999999867 0.00000000099999999867 0.00000000112138731354 0.00000000099999999867 
0.86332592211594927356 0.00000000099999999915 0.00000000099999999915 0.13667407188405084062 0.00000000099999999915 0.00000000099999999915 0.00000000099999999915 0.00000000099999999915 
0.00000000099999999801 0.00000000099999999801 0.00000000099999999801 0.99999999299999986491 0.00000000099999999801 0.00000000099999999801 0.00000000099999999801 0.00000000099999999801 
0.73278294535882992911 0.00000000099999999855 0.00000000099999999855 0.26721704864116996303 0.00000000099999999855 0.00000000099999999855 0.00000000099999999855 0.00000000099999999855 
0.00000000099999999848 0.99999999300000008695 0.00000000099999999848 0.00000000099999999848 0.00000000099999999848 0.00000000099999999848 0.00000000099999999848 0.00000000099999999848 
0.90275934621818287873 0.00000000099999999835 0.00000000099999999835 0.09724064778181726321 0.00000000099999999835 0.00000000099999999835 0.00000000099999999835 0.00000000099999999835 
0.24581449911957317656 0.74636240149672705702 0.00021892591343905096 0.00018779410593526501 0.00000001641894629748 0.00000000099999999976 0.00741636094537911298 0.00000000099999999976 
0.00000000099999999868 0.62533560766617635185 0.00000000099999999868 0.00000000099999999868 0.23869143306715143171 0.00000000099999999868 0.13597295426667219131 0.00000000099999999868 
0.00000000099999999862 0.47063707392277737140 0.00000000099999999862 0.00000000099999999862 0.00000044593830663654 0.00000000099999999862 0.52936247513891587779 0.00000000099999999862 
0.00000000099999999846 0.00000000099999999846 0.00000000099999999846 0.00000000099999999846 0.00000000099999999846 0.00000000099999999846 0.99999999299999986491 0.00000000099999999846 
0.00000000099999999847 0.00000000099999999847 0.00000000099999999847 0.00000000099999999847 0.00000000099999999847 0.00000000099999999847 0.99999999299999986491 0.00000000099999999847 
0.00000000099999999860 0.00750270389510900200 0.00000000099999999860 0.00000000099999999860 0.00000000099999999860 0.00000000099999999860 0.99249729010489085024 0.00000000099999999860 
0.00000000099999999858 0.00016108609668944750 0.00000000099999999858 0.00000000099999999858 0.00000001879395919301 0.00000000099999999858 0.99983889010935134145 0.00000000099999999858 
0.00000000099999999872 0.00003994896262312295 0.00000000099999999872 0.00000000099999999872 0.00000007342980754033 0.00000000099999999872 0.99995997260756919189 0.00000000099999999872 
0.00000000099999999858 0.00000202726062815558 0.00000000099999999858 0.00000000099999999858 0.00000000099999999858 0.00000000099999999858 0.99999796673937169089 0.00000000099999999858 
0.00000000099999999863 0.00005915399595403739 0.00000000099999999863 0.00000000099999999863 0.00000001556488922800 0.00000000099999999863 0.99994082543915674410 0.00000000099999999863 
0.00000000099999999797 0.00000000099999999797 0.00000000099999999797 0.00000000099999999797 0.00000000099999999797 0.00000000099999999797 0.00000000099999999797 0.99999999299999997593 
0.89084749032118781820 0.00000000099999999796 0.00000000099999999796 0.10915250367881217108 0.00000000099999999796 0.00000000099999999796 0.00000000099999999796 0.00000000099999999796 
0.82672430182362610651 0.00000000099999999903 0.00000000099999999903 0.17327569217637406318 0.00000000099999999903 0.00000000099999999903 0.00000000099999999903 0.00000000099999999903 
0.00000000099999999799 0.00000000099999999799 0.00000000099999999799 0.00000000099999999799 0.00000000099999999799 0.00000000099999999799 0.00000000099999999799 0.99999999299999997593 
0.94977506675545009251 0.00000000099999999828 0.00000000099999999828 0.05022492724454988983 0.00000000099999999828 0.00000000099999999828 0.00000000099999999828 0.00000000099999999828 
0.00000000099999999930 0.99999999300000019797 0.00000000099999999930 0.00000000099999999930 0.00000000099999999930 0.00000000099999999930 0.00000000099999999930 0.00000000099999999930 
0.00000000099999999788 0.00000000099999999788 0.00000000099999999788 0.99999999299999975388 0.00000000099999999788 0.00000000099999999788 0.00000000099999999788 0.00000000099999999788 
0.00000000099999999858 0.00000000099999999858 0.00000000099999999858 0.00000000099999999858 0.00000000099999999858 0.00000000099999999858 0.99999999299999986491 0.00000000099999999858 
0.00000000099999999772 0.00000000099999999772 0.00000000099999999772 0.99999999299999975388 0.00000000099999999772 0.00000000099999999772 0.00000000099999999772 0.00000000099999999772 
0.00000000099999999868 0.99982139699512606601 0.00000000099999999868 0.00000000099999999868 0.00000001133248456552 0.00000000099999999868 0.00017858667238932597 0.00000000099999999868 
0.00000000099999999866 0.00000001459564412688 0.00000000099999999866 0.00000000099999999866 0.88703476582518980820 0.00000000099999999866 0.11296521457916602893 0.00000000099999999866 
0.00000000099999999874 0.00000057842405368845 0.00000000099999999874 0.00000000099999999874 0.00000077532625055275 0.00000000099999999874 0.99999864124969572998 0.00000000099999999874 
0.80109200774318456428 0.00000000099999999892 0.00000000099999999892 0.19890798625681541112 0.00000000099999999892 0.00000000099999999892 0.00000000099999999892 0.00000000099999999892 
0.00000000099999999838 0.00000000099999999838 0.00000000099999999838 0.99999999299999997593 0.00000000099999999838 0.00000000099999999838 0.00000000099999999838 0.00000000099999999838 
0.18356874093586011965 0.00000000099999999968 0.45832271838573324096 0.00000000099999999968 0.35810853567840672529 0.00000000099999999968 0.00000000099999999968 0.00000000099999999968 
0.47731393941804867165 0.00000000099999999966 0.16078313872827396103 0.00000000099999999966 0.36190291685367725893 0.00000000099999999966 0.00000000099999999966 0.00000000099999999966 
0.00000000099999999915 0.00000000099999999915 0.00000000099999999915 0.00000000099999999915 0.99999969045004111212 0.00000000099999999915 0.00000030354995894940 0.00000000099999999915 
0.00000000099999999928 0.00000000099999999928 0.00000000099999999928 0.00000000099999999928 0.99999999209637491226 0.00000000099999999928 0.00000000190362517447 0.00000000099999999928 
0.99999999299999997593 0.00000000099999999784 0.00000000099999999784 0.00000000099999999784 0.00000000099999999784 0.00000000099999999784 0.00000000099999999784 0.00000000099999999784 
0.00000000099999999939 0.00000000099999999939 0.30456242774839037413 0.00000000099999999939 0.69543720974645806265 0.00000000099999999939 0.00000035750515148651 0.00000000099999999939 
0.00000000099999999918 0.00000000099999999918 0.00000000099999999918 0.00000000099999999918 0.99999999300000008695 0.00000000099999999918 0.00000000099999999918 0.00000000099999999918 
0.00000000099999999730 0.00000000099999999730 0.00000000099999999730 0.00000000099999999730 0.00000000099999999730 0.99999999299999975388 0.00000000099999999730 0.00000000099999999730 
0.00000000099999999769 0.00000000099999999769 0.00000000099999999769 0.00000000099999999769 0.00000000099999999769 0.99999999299999975388 0.00000000099999999769 0.00000000099999999769 
0.00000000099999999913 0.00000000099999999913 0.00000000099999999913 0.00000000099999999913 0.99999999299999997593 0.00000000099999999913 0.00000000099999999913 0.00000000099999999913 
0.99999999299999986491 0.00000000099999999768 0.00000000099999999768 0.00000000099999999768 0.00000000099999999768 0.00000000099999999768 0.00000000099999999768 0.00000000099999999768 
0.99999999300000008695 0.00000000099999999853 0.00000000099999999853 0.00000000099999999853 0.00000000099999999853 0.00000000099999999853 0.00000000099999999853 0.00000000099999999853 
0.43359014226905917555 0.00000000099999999966 0.00000030121422832877 0.00000000099999999966 0.56640955151671246171 0.00000000099999999966 0.00000000099999999966 0.00000000099999999966 
0.00000000099999999854 0.00000000099999999854 0.00000000099999999854 0.00000000099999999854 0.99999999299999997593 0.00000000099999999854 0.00000000099999999854 0.00000000099999999854 
0.00000000099999999936 0.00000000099999999936 0.00000000099999999936 0.00000000099999999936 0.99999999299999997593 0.00000000099999999936 0.00000000099999999936 0.00000000099999999936 
0.00000000099999999920 0.00000000099999999920 0.99999999299999997593 0.00000000099999999920 0.00000000099999999920 0.00000000099999999920 0.00000000099999999920 0.00000000099999999920 
0.00000000099999999906 0.00000000099999999906 0.00000000099999999906 0.00000000099999999906 0.99999969592538240359 0.00000000099999999906 0.00000029807461759116 0.00000000099999999906 
0.99999999300000008695 0.00000000099999999825 0.00000000099999999825 0.00000000099999999825 0.00000000099999999825 0.00000000099999999825 0.00000000099999999825 0.00000000099999999825 
0.00000000099999999923 0.00005473661139266579 0.05926288321145166405 0.00000000099999999923 0.91264597848689421600 0.00000000099999999923 0.02803639769026155734 0.00000000099999999923 
0.74161952215461091065 0.00000000099999999964 0.25838046905946349119 0.00000000099999999964 0.00000000378592570228 0.00000000099999999964 0.00000000099999999964 0.00000000099999999964 
0.84619927946343620473 0.00000000099999999965 0.03872933426552321173 0.00000000099999999965 0.11507138127104080128 0.00000000099999999965 0.00000000099999999965 0.00000000099999999965 
0.00000000099999999948 0.00005800810661922701 0.20550131658660897305 0.00000000099999999948 0.79413147751892054771 0.00000000099999999948 0.00030919378785132290 0.00000000099999999948 
