scaffold,start,end,mid,sites,l_concolor,l_roumanicus,l_europaeus,S_concolor,S_roumanicus,S_europaeus,thetaPi_concolor,thetaPi_roumanicus,thetaPi_europaeus,thetaW_concolor,thetaW_roumanicus,thetaW_europaeus,TajD_concolor,TajD_roumanicus,TajD_europaeus
NW_006803924.1,750001,1500000,1175190,33,3.0,3.0,3.0,0.0,1.0,1.0,0.0,0.4667,0.3556,0.0,0.3535,0.3535,nan,0.8198,0.015
NW_006803924.1,1500001,2250000,1835309,37,4.0,4.0,4.0,2.0,1.0,1.0,0.7556,0.5556,0.2,0.707,0.3535,0.3535,0.2217,1.4636,-1.1117
NW_006803924.1,2250001,3000000,2648437,46,9.0,9.0,9.0,3.0,2.0,1.0,0.8667,0.4,0.4667,1.0605,0.707,0.3535,-0.6575,-1.4009,0.8198
NW_006803924.1,3000001,3750000,3399755,34,3.0,3.0,3.0,1.0,1.0,0.0,0.5556,0.2,0.0,0.3535,0.3535,0.0,1.4636,-1.1117,nan
NW_006803924.1,4500001,5250000,4852201,42,1.0,1.0,1.0,1.0,1.0,0.0,0.3556,0.4667,0.0,0.3535,0.3535,0.0,0.015,0.8198,nan
NW_006803924.1,6000001,6750000,6339920,36,5.0,5.0,5.0,3.0,1.0,0.0,0.6,0.5333,0.0,1.0605,0.3535,0.0,-1.5622,1.3027,nan
NW_006803924.1,6750001,7500000,7150224,34,7.0,7.0,7.0,2.0,1.0,1.0,0.4,0.2,0.2,0.707,0.3535,0.3535,-1.4009,-1.1117,-1.1117
NW_006803924.1,8250001,9000000,8588526,31,5.0,5.0,5.0,2.0,0.0,3.0,0.5556,0.0,1.2,0.707,0.0,1.0605,-0.691,nan,0.4734
NW_006803924.1,9000001,9750000,9406818,34,5.0,5.0,5.0,1.0,1.0,2.0,0.5333,0.2,0.6667,0.3535,0.3535,0.707,1.3027,-1.1117,-0.1839
NW_006803924.1,9750001,10500000,10070467,33,1.0,1.0,1.0,0.0,0.0,0.0,0.0,0.0,0.0,0.0,0.0,0.0,nan,nan,nan
NW_006803924.1,10500001,11250000,10967398,32,2.0,2.0,2.0,0.0,0.0,0.0,0.0,0.0,0.0,0.0,0.0,0.0,nan,nan,nan
NW_006803924.1,11250001,12000000,11669078,38,3.0,3.0,3.0,1.0,1.0,1.0,0.2,0.2,0.2,0.3535,0.3535,0.3535,-1.1117,-1.1117,-1.1117
NW_006803924.1,12000001,12750000,12407854,34,1.0,1.0,1.0,0.0,0.0,0.0,0.0,0.0,0.0,0.0,0.0,0.0,nan,nan,nan
NW_006803924.1,12750001,13500000,13131797,34,6.0,6.0,6.0,2.0,1.0,3.0,0.7111,0.2,0.9111,0.707,0.3535,1.0605,0.0189,-1.1117,-0.5067
NW_006803924.1,13500001,14250000,13869418,36,1.0,1.0,1.0,0.0,0.0,0.0,0.0,0.0,0.0,0.0,0.0,0.0,nan,nan,nan
NW_006803924.1,14250001,15000000,14613554,39,2.0,2.0,2.0,1.0,0.0,1.0,0.5333,0.0,0.2,0.3535,0.0,0.3535,1.3027,nan,-1.1117
NW_006803924.1,15000001,15750000,15423148,38,3.0,3.0,3.0,0.0,1.0,1.0,0.0,0.2,0.4667,0.0,0.3535,0.3535,nan,-1.1117,0.8198
NW_006803924.1,15750001,16500000,16126824,37,1.0,1.0,1.0,0.0,0.0,1.0,0.0,0.0,0.2,0.0,0.0,0.3535,nan,nan,-1.1117
NW_006803924.1,16500001,17250000,16925470,40,4.0,4.0,4.0,2.0,0.0,1.0,0.7333,0.0,0.2,0.707,0.0,0.3535,0.1203,nan,-1.1117
NW_006803925.1,2250001,3000000,2595392,32,3.0,3.0,3.0,1.0,1.0,0.0,0.2,0.2,0.0,0.3535,0.3535,0.0,-1.1117,-1.1117,nan
NW_006803925.1,3000001,3750000,3356349,36,2.0,2.0,2.0,0.0,1.0,0.0,0.0,0.5556,0.0,0.0,0.3535,0.0,nan,1.4636,nan
NW_006803925.1,4500001,5250000,4864067,31,1.0,1.0,1.0,1.0,0.0,0.0,0.4667,0.0,0.0,0.3535,0.0,0.0,0.8198,nan,nan
NW_006803925.1,7500001,8250000,7978003,37,3.0,3.0,3.0,1.0,0.0,0.0,0.5333,0.0,0.0,0.3535,0.0,0.0,1.3027,nan,nan
NW_006803925.1,8250001,9000000,8562337,37,4.0,4.0,4.0,2.0,1.0,1.0,0.4,0.5556,0.4667,0.707,0.3535,0.3535,-1.4009,1.4636,0.8198
NW_006803925.1,9000001,9750000,9397879,35,3.0,3.0,3.0,2.0,0.0,1.0,0.7333,0.0,0.3556,0.707,0.0,0.3535,0.1203,nan,0.015
NW_006803925.1,9750001,10500000,10102680,39,3.0,3.0,3.0,1.0,0.0,1.0,0.2,0.0,0.2,0.3535,0.0,0.3535,-1.1117,nan,-1.1117
NW_006803925.1,10500001,11250000,10861997,34,2.0,2.0,2.0,0.0,2.0,0.0,0.0,0.8889,0.0,0.0,0.707,0.0,nan,0.8302,nan
NW_006803925.1,12000001,12750000,12376187,38,1.0,1.0,1.0,1.0,0.0,0.0,0.4667,0.0,0.0,0.3535,0.0,0.0,0.8198,nan,nan
NW_006803925.1,12750001,13500000,13168627,34,0.0,0.0,0.0,nan,nan,nan,nan,nan,nan,nan,nan,nan,nan,nan,nan
NW_006803925.1,13500001,14250000,13911460,38,5.0,5.0,5.0,2.0,1.0,1.0,0.5556,0.5556,0.5333,0.707,0.3535,0.3535,-0.691,1.4636,1.3027
NW_006803926.1,1,750000,363414,37,4.0,4.0,4.0,1.0,0.0,1.0,0.2,0.0,0.2,0.3535,0.0,0.3535,-1.1117,nan,-1.1117
NW_006803926.1,750001,1500000,1102125,30,5.0,5.0,5.0,0.0,1.0,2.0,0.0,0.2,0.5556,0.0,0.3535,0.707,nan,-1.1117,-0.691
NW_006803926.1,1500001,2250000,1901170,32,2.0,2.0,2.0,1.0,0.0,1.0,0.3556,0.0,0.2,0.3535,0.0,0.3535,0.015,nan,-1.1117
NW_006803926.1,2250001,3000000,2584854,32,1.0,1.0,1.0,1.0,1.0,0.0,0.2,0.4667,0.0,0.3535,0.3535,0.0,-1.1117,0.8198,nan
NW_006803926.1,3750001,4500000,4054746,35,2.0,2.0,2.0,1.0,0.0,0.0,0.2,0.0,0.0,0.3535,0.0,0.0,-1.1117,nan,nan
NW_006803926.1,4500001,5250000,4852653,38,2.0,2.0,2.0,0.0,2.0,0.0,0.0,0.7556,0.0,0.0,0.707,0.0,nan,0.2217,nan
NW_006803926.1,5250001,6000000,5645413,35,2.0,2.0,2.0,2.0,0.0,1.0,0.4,0.0,0.3556,0.707,0.0,0.3535,-1.4009,nan,0.015
NW_006803926.1,6000001,6750000,6394882,47,3.0,3.0,3.0,2.0,0.0,0.0,0.7333,0.0,0.0,0.707,0.0,0.0,0.1203,nan,nan
NW_006803926.1,6750001,7500000,7107840,39,2.0,2.0,2.0,0.0,0.0,0.0,0.0,0.0,0.0,0.0,0.0,0.0,nan,nan,nan
NW_006803926.1,8250001,9000000,8611507,36,4.0,4.0,4.0,2.0,2.0,1.0,0.4,0.7556,0.3556,0.707,0.707,0.3535,-1.4009,0.2217,0.015
NW_006803926.1,9750001,10500000,10095861,42,5.0,5.0,5.0,1.0,1.0,1.0,0.2,0.2,0.5556,0.3535,0.3535,0.3535,-1.1117,-1.1117,1.4636
NW_006803926.1,10500001,11250000,10850410,34,3.0,3.0,3.0,1.0,1.0,0.0,0.4667,0.2,0.0,0.3535,0.3535,0.0,0.8198,-1.1117,nan
NW_006803926.1,11250001,12000000,11556081,38,1.0,1.0,1.0,0.0,0.0,1.0,0.0,0.0,0.2,0.0,0.0,0.3535,nan,nan,-1.1117
NW_006803926.1,12000001,12750000,12420554,35,3.0,3.0,3.0,1.0,1.0,0.0,0.4667,0.5333,0.0,0.3535,0.3535,0.0,0.8198,1.3027,nan
NW_006803926.1,12750001,13500000,13145431,37,4.0,4.0,4.0,2.0,0.0,1.0,0.8889,0.0,0.4667,0.707,0.0,0.3535,0.8302,nan,0.8198
NW_006803927.1,1500001,2250000,1944528,34,2.0,2.0,2.0,1.0,0.0,1.0,0.5556,0.0,0.2,0.3535,0.0,0.3535,1.4636,nan,-1.1117
NW_006803927.1,3000001,3750000,3322886,32,3.0,3.0,3.0,1.0,0.0,1.0,0.2,0.0,0.4667,0.3535,0.0,0.3535,-1.1117,nan,0.8198
NW_006803927.1,3750001,4500000,4185532,44,2.0,2.0,2.0,2.0,0.0,0.0,0.4,0.0,0.0,0.707,0.0,0.0,-1.4009,nan,nan
NW_006803927.1,4500001,5250000,4863580,43,6.0,6.0,6.0,2.0,2.0,0.0,0.7333,0.5556,0.0,0.707,0.707,0.0,0.1203,-0.691,nan
NW_006803927.1,5250001,6000000,5581274,41,4.0,4.0,4.0,1.0,1.0,2.0,0.3556,0.3556,0.7333,0.3535,0.3535,0.707,0.015,0.015,0.1203
NW_006803927.1,6750001,7500000,7166150,33,0.0,0.0,0.0,nan,nan,nan,nan,nan,nan,nan,nan,nan,nan,nan,nan
NW_006803927.1,7500001,8250000,7843599,34,3.0,3.0,3.0,0.0,1.0,2.0,0.0,0.2,0.5556,0.0,0.3535,0.707,nan,-1.1117,-0.691
NW_006803927.1,8250001,9000000,8650009,45,5.0,5.0,5.0,2.0,1.0,2.0,0.7556,0.3556,0.4,0.707,0.3535,0.707,0.2217,0.015,-1.4009
NW_006803927.1,12000001,12750000,12411082,32,2.0,2.0,2.0,0.0,1.0,1.0,0.0,0.2,0.2,0.0,0.3535,0.3535,nan,-1.1117,-1.1117
NW_006803927.1,12750001,13500000,13203457,39,5.0,5.0,5.0,2.0,2.0,0.0,0.8889,0.8889,0.0,0.707,0.707,0.0,0.8302,0.8302,nan
NW_006803927.1,13500001,14250000,13904830,30,2.0,2.0,2.0,1.0,0.0,1.0,0.2,0.0,0.3556,0.3535,0.0,0.3535,-1.1117,nan,0.015
NW_006803928.1,1,750000,364739,38,1.0,1.0,1.0,0.0,0.0,1.0,0.0,0.0,0.3556,0.0,0.0,0.3535,nan,nan,0.015
NW_006803928.1,2250001,3000000,2626476,34,5.0,5.0,5.0,1.0,0.0,2.0,0.4667,0.0,0.7556,0.3535,0.0,0.707,0.8198,nan,0.2217
NW_006803928.1,3000001,3750000,3398263,30,3.0,3.0,3.0,0.0,0.0,3.0,0.0,0.0,1.0222,0.0,0.0,1.0605,nan,nan,-0.1297
NW_006803928.1,4500001,5250000,4899555,34,2.0,2.0,2.0,0.0,1.0,0.0,0.0,0.2,0.0,0.0,0.3535,0.0,nan,-1.1117,nan
NW_006803928.1,5250001,6000000,5668401,34,3.0,3.0,3.0,0.0,1.0,2.0,0.0,0.5333,0.8889,0.0,0.3535,0.707,nan,1.3027,0.8302
NW_006803928.1,7500001,8250000,7861567,30,0.0,0.0,0.0,nan,nan,nan,nan,nan,nan,nan,nan,nan,nan,nan,nan
NW_006803928.1,8250001,9000000,8636099,37,2.0,2.0,2.0,0.0,0.0,0.0,0.0,0.0,0.0,0.0,0.0,0.0,nan,nan,nan
NW_006803928.1,9750001,10500000,10074672,36,7.0,7.0,7.0,2.0,0.0,1.0,0.7333,0.0,0.4667,0.707,0.0,0.3535,0.1203,nan,0.8198
NW_006803928.1,10500001,11250000,10889395,32,2.0,2.0,2.0,2.0,0.0,0.0,0.6667,0.0,0.0,0.707,0.0,0.0,-0.1839,nan,nan
NW_006803928.1,11250001,12000000,11559517,33,3.0,3.0,3.0,1.0,1.0,1.0,0.4667,0.5556,0.3556,0.3535,0.3535,0.3535,0.8198,1.4636,0.015
NW_006803928.1,12000001,12750000,12332172,32,3.0,3.0,3.0,2.0,1.0,0.0,0.6667,0.2,0.0,0.707,0.3535,0.0,-0.1839,-1.1117,nan
NW_006803929.1,1,750000,414159,31,2.0,2.0,2.0,0.0,0.0,0.0,0.0,0.0,0.0,0.0,0.0,0.0,nan,nan,nan
NW_006803929.1,750001,1500000,1147926,31,2.0,2.0,2.0,0.0,1.0,1.0,0.0,0.3556,0.5333,0.0,0.3535,0.3535,nan,0.015,1.3027
NW_006803929.1,1500001,2250000,1857175,40,2.0,2.0,2.0,0.0,0.0,1.0,0.0,0.0,0.2,0.0,0.0,0.3535,nan,nan,-1.1117
NW_006803929.1,6000001,6750000,6422461,32,1.0,1.0,1.0,1.0,0.0,0.0,0.3556,0.0,0.0,0.3535,0.0,0.0,0.015,nan,nan
NW_006803929.1,9000001,9750000,9352030,39,2.0,2.0,2.0,0.0,0.0,0.0,0.0,0.0,0.0,0.0,0.0,0.0,nan,nan,nan
NW_006803929.1,9750001,10500000,10107608,37,4.0,4.0,4.0,2.0,0.0,0.0,0.8222,0.0,0.0,0.707,0.0,0.0,0.5259,nan,nan
NW_006803930.1,1,750000,332453,31,1.0,1.0,1.0,0.0,0.0,0.0,0.0,0.0,0.0,0.0,0.0,0.0,nan,nan,nan
NW_006803930.1,750001,1500000,1149041,45,5.0,5.0,5.0,3.0,1.0,2.0,1.2222,0.2,1.0889,1.0605,0.3535,0.707,0.5488,-1.1117,1.7429
NW_006803930.1,1500001,2250000,1883176,40,3.0,3.0,3.0,1.0,0.0,1.0,0.5333,0.0,0.4667,0.3535,0.0,0.3535,1.3027,nan,0.8198
NW_006803930.1,2250001,3000000,2645092,39,1.0,1.0,1.0,0.0,0.0,1.0,0.0,0.0,0.5333,0.0,0.0,0.3535,nan,nan,1.3027
NW_006803930.1,3750001,4500000,4146384,37,3.0,3.0,3.0,1.0,1.0,1.0,0.3556,0.5556,0.5333,0.3535,0.3535,0.3535,0.015,1.4636,1.3027
NW_006803930.1,4500001,5250000,4899214,31,3.0,3.0,3.0,0.0,1.0,2.0,0.0,0.5333,0.5556,0.0,0.3535,0.707,nan,1.3027,-0.691
NW_006803930.1,5250001,6000000,5597635,40,4.0,4.0,4.0,1.0,0.0,2.0,0.3556,0.0,1.0222,0.3535,0.0,0.707,0.015,nan,1.4386
NW_006803930.1,6000001,6750000,6364134,37,0.0,0.0,0.0,nan,nan,nan,nan,nan,nan,nan,nan,nan,nan,nan,nan
NW_006803930.1,6750001,7500000,7156546,37,1.0,1.0,1.0,0.0,1.0,0.0,0.0,0.5556,0.0,0.0,0.3535,0.0,nan,1.4636,nan
NW_006803930.1,7500001,8250000,7926698,35,2.0,2.0,2.0,1.0,1.0,0.0,0.5556,0.2,0.0,0.3535,0.3535,0.0,1.4636,-1.1117,nan
NW_006803930.1,8250001,9000000,8634989,32,2.0,2.0,2.0,0.0,0.0,2.0,0.0,0.0,0.8222,0.0,0.0,0.707,nan,nan,0.5259
NW_006803930.1,10500001,11250000,10851420,33,2.0,2.0,2.0,0.0,1.0,0.0,0.0,0.2,0.0,0.0,0.3535,0.0,nan,-1.1117,nan
NW_006803930.1,11250001,12000000,11580695,33,2.0,2.0,2.0,1.0,2.0,0.0,0.5556,0.4,0.0,0.3535,0.707,0.0,1.4636,-1.4009,nan
NW_006803931.1,1,750000,361215,34,4.0,4.0,4.0,1.0,2.0,0.0,0.3556,0.7333,0.0,0.3535,0.707,0.0,0.015,0.1203,nan
NW_006803931.1,1500001,2250000,1852185,42,2.0,2.0,2.0,1.0,0.0,0.0,0.5333,0.0,0.0,0.3535,0.0,0.0,1.3027,nan,nan
NW_006803931.1,3000001,3750000,3402397,46,4.0,4.0,4.0,1.0,0.0,2.0,0.5556,0.0,0.5556,0.3535,0.0,0.707,1.4636,nan,-0.691
NW_006803931.1,3750001,4500000,4092904,45,5.0,5.0,5.0,4.0,0.0,0.0,1.3333,0.0,0.0,1.4139,0.0,0.0,-0.2189,nan,nan
NW_006803931.1,5250001,6000000,5539124,32,4.0,4.0,4.0,1.0,0.0,1.0,0.3556,0.0,0.2,0.3535,0.0,0.3535,0.015,nan,-1.1117
NW_006803931.1,6000001,6750000,6400048,42,6.0,6.0,6.0,1.0,0.0,2.0,0.2,0.0,0.8222,0.3535,0.0,0.707,-1.1117,nan,0.5259
NW_006803931.1,7500001,8250000,7849311,37,3.0,3.0,3.0,1.0,0.0,0.0,0.3556,0.0,0.0,0.3535,0.0,0.0,0.015,nan,nan
NW_006803931.1,8250001,9000000,8580722,35,3.0,3.0,3.0,0.0,0.0,0.0,0.0,0.0,0.0,0.0,0.0,0.0,nan,nan,nan
NW_006803931.1,9000001,9750000,9363657,31,1.0,1.0,1.0,1.0,0.0,0.0,0.3556,0.0,0.0,0.3535,0.0,0.0,0.015,nan,nan
NW_006803931.1,9750001,10500000,10089530,44,4.0,4.0,4.0,0.0,1.0,1.0,0.0,0.3556,0.2,0.0,0.3535,0.3535,nan,0.015,-1.1117
NW_006803931.1,10500001,11250000,10817505,36,2.0,2.0,2.0,0.0,1.0,0.0,0.0,0.2,0.0,0.0,0.3535,0.0,nan,-1.1117,nan
NW_006803932.1,1,750000,454444,37,1.0,1.0,1.0,0.0,0.0,1.0,0.0,0.0,0.2,0.0,0.0,0.3535,nan,nan,-1.1117
NW_006803932.1,750001,1500000,1156191,32,2.0,2.0,2.0,2.0,0.0,0.0,0.7556,0.0,0.0,0.707,0.0,0.0,0.2217,nan,nan
NW_006803932.1,1500001,2250000,1815180,30,4.0,4.0,4.0,0.0,1.0,0.0,0.0,0.4667,0.0,0.0,0.3535,0.0,nan,0.8198,nan
NW_006803932.1,2250001,3000000,2569846,39,3.0,3.0,3.0,0.0,0.0,0.0,0.0,0.0,0.0,0.0,0.0,0.0,nan,nan,nan
NW_006803932.1,3000001,3750000,3403875,34,2.0,2.0,2.0,1.0,0.0,1.0,0.3556,0.0,0.2,0.3535,0.0,0.3535,0.015,nan,-1.1117
NW_006803932.1,3750001,4500000,4143102,44,2.0,2.0,2.0,1.0,1.0,0.0,0.5333,0.2,0.0,0.3535,0.3535,0.0,1.3027,-1.1117,nan
NW_006803932.1,4500001,5250000,4929904,41,1.0,1.0,1.0,1.0,0.0,0.0,0.4667,0.0,0.0,0.3535,0.0,0.0,0.8198,nan,nan
NW_006803932.1,6000001,6750000,6369789,39,3.0,3.0,3.0,1.0,1.0,0.0,0.3556,0.4667,0.0,0.3535,0.3535,0.0,0.015,0.8198,nan
NW_006803932.1,6750001,7500000,7135444,34,3.0,3.0,3.0,1.0,1.0,1.0,0.3556,0.5333,0.2,0.3535,0.3535,0.3535,0.015,1.3027,-1.1117
NW_006803932.1,7500001,8250000,7866456,41,3.0,3.0,3.0,3.0,0.0,1.0,0.7556,0.0,0.3556,1.0605,0.0,0.3535,-1.0345,nan,0.015
NW_006803932.1,8250001,9000000,8590433,38,3.0,3.0,3.0,1.0,1.0,0.0,0.4667,0.2,0.0,0.3535,0.3535,0.0,0.8198,-1.1117,nan
NW_006803932.1,9000001,9750000,9354159,40,5.0,5.0,5.0,1.0,3.0,2.0,0.3556,1.0667,0.6667,0.3535,1.0605,0.707,0.015,0.0211,-0.1839
NW_006803932.1,9750001,10500000,10190487,39,4.0,4.0,4.0,1.0,1.0,0.0,0.2,0.3556,0.0,0.3535,0.3535,0.0,-1.1117,0.015,nan
NW_006803933.1,1,750000,319331,33,2.0,2.0,2.0,1.0,0.0,0.0,0.5333,0.0,0.0,0.3535,0.0,0.0,1.3027,nan,nan
NW_006803933.1,1500001,2250000,1846161,34,1.0,1.0,1.0,0.0,1.0,0.0,0.0,0.2,0.0,0.0,0.3535,0.0,nan,-1.1117,nan
NW_006803933.1,2250001,3000000,2670616,33,2.0,2.0,2.0,0.0,0.0,0.0,0.0,0.0,0.0,0.0,0.0,0.0,nan,nan,nan
NW_006803933.1,4500001,5250000,4889450,38,1.0,1.0,1.0,1.0,0.0,0.0,0.3556,0.0,0.0,0.3535,0.0,0.0,0.015,nan,nan
NW_006803933.1,5250001,6000000,5662200,30,2.0,2.0,2.0,1.0,0.0,0.0,0.3556,0.0,0.0,0.3535,0.0,0.0,0.015,nan,nan
NW_006803933.1,6750001,7500000,7120329,37,2.0,2.0,2.0,1.0,0.0,0.0,0.2,0.0,0.0,0.3535,0.0,0.0,-1.1117,nan,nan
NW_006803933.1,7500001,8250000,7843612,36,4.0,4.0,4.0,0.0,1.0,0.0,0.0,0.5333,0.0,0.0,0.3535,0.0,nan,1.3027,nan
NW_006803933.1,8250001,9000000,8591208,36,2.0,2.0,2.0,1.0,1.0,1.0,0.2,0.2,0.2,0.3535,0.3535,0.3535,-1.1117,-1.1117,-1.1117
NW_006803933.1,9000001,9750000,9320026,30,3.0,3.0,3.0,0.0,0.0,0.0,0.0,0.0,0.0,0.0,0.0,0.0,nan,nan,nan
NW_006803933.1,9750001,10500000,10135756,34,2.0,2.0,2.0,0.0,1.0,0.0,0.0,0.2,0.0,0.0,0.3535,0.0,nan,-1.1117,nan
NW_006803934.1,1,750000,328209,35,3.0,3.0,3.0,0.0,1.0,0.0,0.0,0.2,0.0,0.0,0.3535,0.0,nan,-1.1117,nan
NW_006803934.1,750001,1500000,1179554,43,5.0,5.0,5.0,1.0,1.0,2.0,0.2,0.4667,0.4,0.3535,0.3535,0.707,-1.1117,0.8198,-1.4009
NW_006803934.1,1500001,2250000,1956635,36,5.0,5.0,5.0,2.0,0.0,1.0,0.5556,0.0,0.5333,0.707,0.0,0.3535,-0.691,nan,1.3027
NW_006803934.1,2250001,3000000,2584619,45,2.0,2.0,2.0,2.0,0.0,0.0,0.7333,0.0,0.0,0.707,0.0,0.0,0.1203,nan,nan
NW_006803934.1,3000001,3750000,3380024,41,4.0,4.0,4.0,2.0,2.0,0.0,0.8222,0.4,0.0,0.707,0.707,0.0,0.5259,-1.4009,nan
NW_006803934.1,3750001,4500000,4129025,33,2.0,2.0,2.0,0.0,0.0,0.0,0.0,0.0,0.0,0.0,0.0,0.0,nan,nan,nan
NW_006803934.1,5250001,6000000,5654091,32,2.0,2.0,2.0,0.0,0.0,1.0,0.0,0.0,0.3556,0.0,0.0,0.3535,nan,nan,0.015
NW_006803934.1,6000001,6750000,6402868,31,4.0,4.0,4.0,2.0,0.0,1.0,0.7333,0.0,0.4667,0.707,0.0,0.3535,0.1203,nan,0.8198
NW_006803934.1,6750001,7500000,7075996,40,0.0,0.0,0.0,nan,nan,nan,nan,nan,nan,nan,nan,nan,nan,nan,nan
NW_006803934.1,7500001,8250000,7884584,32,3.0,3.0,3.0,0.0,1.0,1.0,0.0,0.2,0.2,0.0,0.3535,0.3535,nan,-1.1117,-1.1117
NW_006803934.1,8250001,9000000,8582727,44,3.0,3.0,3.0,1.0,0.0,1.0,0.5333,0.0,0.2,0.3535,0.0,0.3535,1.3027,nan,-1.1117
NW_006803934.1,9000001,9750000,9385395,32,4.0,4.0,4.0,1.0,3.0,0.0,0.3556,0.7556,0.0,0.3535,1.0605,0.0,0.015,-1.0345,nan
NW_006803934.1,9750001,10500000,10140736,35,1.0,1.0,1.0,0.0,0.0,1.0,0.0,0.0,0.4667,0.0,0.0,0.3535,nan,nan,0.8198
NW_006803935.1,4500001,5250000,4879145,36,3.0,3.0,3.0,2.0,1.0,0.0,1.0,0.2,0.0,0.707,0.3535,0.0,1.3372,-1.1117,nan
NW_006803935.1,6750001,7500000,7149711,37,3.0,3.0,3.0,1.0,0.0,0.0,0.2,0.0,0.0,0.3535,0.0,0.0,-1.1117,nan,nan
NW_006803936.1,1,750000,371078,36,5.0,5.0,5.0,1.0,1.0,1.0,0.2,0.2,0.2,0.3535,0.3535,0.3535,-1.1117,-1.1117,-1.1117
NW_006803936.1,5250001,6000000,5653479,36,6.0,6.0,6.0,5.0,1.0,1.0,1.6444,0.2,0.2,1.7674,0.3535,0.3535,-0.279,-1.1117,-1.1117
NW_006803936.1,6000001,6750000,6330266,39,3.0,3.0,3.0,1.0,1.0,1.0,0.3556,0.3556,0.5556,0.3535,0.3535,0.3535,0.015,0.015,1.4636
NW_006803936.1,6750001,7500000,7096977,32,2.0,2.0,2.0,1.0,1.0,1.0,0.2,0.3556,0.2,0.3535,0.3535,0.3535,-1.1117,0.015,-1.1117
NW_006803936.1,7500001,8250000,7856786,46,5.0,5.0,5.0,1.0,0.0,1.0,0.3556,0.0,0.3556,0.3535,0.0,0.3535,0.015,nan,0.015
NW_006803936.1,8250001,9000000,8646010,39,1.0,1.0,1.0,0.0,0.0,1.0,0.0,0.0,0.2,0.0,0.0,0.3535,nan,nan,-1.1117
NW_006803936.1,9000001,9750000,9349089,34,3.0,3.0,3.0,0.0,1.0,0.0,0.0,0.2,0.0,0.0,0.3535,0.0,nan,-1.1117,nan
NW_006803937.1,3000001,3750000,3321187,34,1.0,1.0,1.0,0.0,0.0,0.0,0.0,0.0,0.0,0.0,0.0,0.0,nan,nan,nan
NW_006803937.1,3750001,4500000,4147895,35,2.0,2.0,2.0,0.0,1.0,0.0,0.0,0.3556,0.0,0.0,0.3535,0.0,nan,0.015,nan
NW_006803937.1,5250001,6000000,5572804,35,1.0,1.0,1.0,1.0,0.0,0.0,0.3556,0.0,0.0,0.3535,0.0,0.0,0.015,nan,nan
NW_006803937.1,6000001,6750000,6389425,37,4.0,4.0,4.0,0.0,1.0,1.0,0.0,0.2,0.2,0.0,0.3535,0.3535,nan,-1.1117,-1.1117
NW_006803937.1,6750001,7500000,7116559,32,1.0,1.0,1.0,0.0,0.0,0.0,0.0,0.0,0.0,0.0,0.0,0.0,nan,nan,nan
NW_006803937.1,7500001,8250000,7875980,32,3.0,3.0,3.0,1.0,1.0,0.0,0.5556,0.3556,0.0,0.3535,0.3535,0.0,1.4636,0.015,nan
NW_006803937.1,9000001,9750000,9414384,39,2.0,2.0,2.0,1.0,0.0,0.0,0.3556,0.0,0.0,0.3535,0.0,0.0,0.015,nan,nan
NW_006803938.1,1500001,2250000,1875875,36,6.0,6.0,6.0,0.0,2.0,1.0,0.0,0.6667,0.2,0.0,0.707,0.3535,nan,-0.1839,-1.1117
NW_006803938.1,2250001,3000000,2583811,32,3.0,3.0,3.0,1.0,2.0,1.0,0.2,0.4,0.2,0.3535,0.707,0.3535,-1.1117,-1.4009,-1.1117
NW_006803938.1,3750001,4500000,4114549,30,2.0,2.0,2.0,1.0,1.0,0.0,0.2,0.3556,0.0,0.3535,0.3535,0.0,-1.1117,0.015,nan
NW_006803938.1,5250001,6000000,5590304,32,2.0,2.0,2.0,0.0,0.0,1.0,0.0,0.0,0.5333,0.0,0.0,0.3535,nan,nan,1.3027
NW_006803938.1,6000001,6750000,6394442,30,2.0,2.0,2.0,1.0,0.0,1.0,0.5556,0.0,0.2,0.3535,0.0,0.3535,1.4636,nan,-1.1117
NW_006803938.1,6750001,7500000,7064527,31,1.0,1.0,1.0,1.0,0.0,0.0,0.5556,0.0,0.0,0.3535,0.0,0.0,1.4636,nan,nan
NW_006803938.1,8250001,9000000,8584710,33,2.0,2.0,2.0,0.0,0.0,1.0,0.0,0.0,0.2,0.0,0.0,0.3535,nan,nan,-1.1117
NW_006803939.1,1,750000,323023,34,4.0,4.0,4.0,0.0,2.0,1.0,0.0,0.4,0.3556,0.0,0.707,0.3535,nan,-1.4009,0.015
NW_006803939.1,750001,1500000,1102843,33,4.0,4.0,4.0,2.0,1.0,0.0,0.6667,0.4667,0.0,0.707,0.3535,0.0,-0.1839,0.8198,nan
NW_006803939.1,2250001,3000000,2603148,30,1.0,1.0,1.0,0.0,0.0,0.0,0.0,0.0,0.0,0.0,0.0,0.0,nan,nan,nan
NW_006803939.1,3000001,3750000,3409639,31,1.0,1.0,1.0,1.0,0.0,0.0,0.5333,0.0,0.0,0.3535,0.0,0.0,1.3027,nan,nan
NW_006803939.1,3750001,4500000,4099904,33,3.0,3.0,3.0,1.0,0.0,1.0,0.5333,0.0,0.2,0.3535,0.0,0.3535,1.3027,nan,-1.1117
NW_006803939.1,4500001,5250000,4840967,35,3.0,3.0,3.0,0.0,1.0,2.0,0.0,0.2,0.5556,0.0,0.3535,0.707,nan,-1.1117,-0.691
NW_006803939.1,5250001,6000000,5613938,33,3.0,3.0,3.0,1.0,0.0,1.0,0.2,0.0,0.2,0.3535,0.0,0.3535,-1.1117,nan,-1.1117
NW_006803939.1,6000001,6750000,6359985,37,3.0,3.0,3.0,2.0,1.0,1.0,0.7556,0.2,0.2,0.707,0.3535,0.3535,0.2217,-1.1117,-1.1117
NW_006803939.1,7500001,8250000,7877261,36,4.0,4.0,4.0,1.0,1.0,0.0,0.4667,0.4667,0.0,0.3535,0.3535,0.0,0.8198,0.8198,nan
NW_006803939.1,8250001,9000000,8611990,38,2.0,2.0,2.0,1.0,0.0,1.0,0.5333,0.0,0.4667,0.3535,0.0,0.3535,1.3027,nan,0.8198
NW_006803939.1,9000001,9750000,9395537,34,2.0,2.0,2.0,1.0,0.0,0.0,0.5333,0.0,0.0,0.3535,0.0,0.0,1.3027,nan,nan
NW_006803940.1,1,750000,343489,39,0.0,0.0,0.0,nan,nan,nan,nan,nan,nan,nan,nan,nan,nan,nan,nan
NW_006803940.1,750001,1500000,1101424,42,4.0,4.0,4.0,1.0,1.0,2.0,0.4667,0.4667,0.7111,0.3535,0.3535,0.707,0.8198,0.8198,0.0189
NW_006803940.1,1500001,2250000,1927015,34,4.0,4.0,4.0,2.0,1.0,1.0,0.9333,0.2,0.2,0.707,0.3535,0.3535,1.033,-1.1117,-1.1117
NW_006803940.1,2250001,3000000,2664121,31,4.0,4.0,4.0,3.0,0.0,0.0,0.7556,0.0,0.0,1.0605,0.0,0.0,-1.0345,nan,nan
NW_006803940.1,3000001,3750000,3327546,40,3.0,3.0,3.0,1.0,1.0,3.0,0.2,0.4667,0.9556,0.3535,0.3535,1.0605,-1.1117,0.8198,-0.3559
NW_006803940.1,3750001,4500000,4072232,34,2.0,2.0,2.0,1.0,0.0,0.0,0.4667,0.0,0.0,0.3535,0.0,0.0,0.8198,nan,nan
NW_006803940.1,4500001,5250000,4824250,43,7.0,7.0,7.0,3.0,1.0,3.0,1.0222,0.2,0.7556,1.0605,0.3535,1.0605,-0.1297,-1.1117,-1.0345
NW_006803940.1,6000001,6750000,6320994,37,3.0,3.0,3.0,2.0,1.0,0.0,0.8889,0.5333,0.0,0.707,0.3535,0.0,0.8302,1.3027,nan
NW_006803940.1,6750001,7500000,7173880,42,3.0,3.0,3.0,1.0,0.0,0.0,0.5333,0.0,0.0,0.3535,0.0,0.0,1.3027,nan,nan
NW_006803940.1,7500001,8250000,7841119,30,1.0,1.0,1.0,0.0,0.0,1.0,0.0,0.0,0.2,0.0,0.0,0.3535,nan,nan,-1.1117
NW_006803940.1,8250001,9000000,8587400,37,5.0,5.0,5.0,1.0,0.0,1.0,0.2,0.0,0.2,0.3535,0.0,0.3535,-1.1117,nan,-1.1117
NW_006803941.1,1,750000,376960,33,3.0,3.0,3.0,1.0,0.0,0.0,0.3556,0.0,0.0,0.3535,0.0,0.0,0.015,nan,nan
NW_006803941.1,750001,1500000,1132127,34,2.0,2.0,2.0,0.0,1.0,1.0,0.0,0.5333,0.3556,0.0,0.3535,0.3535,nan,1.3027,0.015
NW_006803941.1,2250001,3000000,2630192,31,2.0,2.0,2.0,1.0,0.0,1.0,0.4667,0.0,0.5333,0.3535,0.0,0.3535,0.8198,nan,1.3027
NW_006803941.1,3000001,3750000,3418171,33,1.0,1.0,1.0,0.0,0.0,0.0,0.0,0.0,0.0,0.0,0.0,0.0,nan,nan,nan
NW_006803941.1,5250001,6000000,5608023,42,7.0,7.0,7.0,2.0,1.0,1.0,1.1111,0.2,0.3556,0.707,0.3535,0.3535,1.8443,-1.1117,0.015
NW_006803941.1,6000001,6750000,6394110,31,2.0,2.0,2.0,0.0,1.0,1.0,0.0,0.5333,0.2,0.0,0.3535,0.3535,nan,1.3027,-1.1117
NW_006803941.1,6750001,7500000,7177511,37,5.0,5.0,5.0,2.0,2.0,1.0,0.8889,0.8889,0.4667,0.707,0.707,0.3535,0.8302,0.8302,0.8198
NW_006803941.1,7500001,8250000,7903818,40,6.0,6.0,6.0,0.0,2.0,3.0,0.0,0.9333,1.0222,0.0,0.707,1.0605,nan,1.033,-0.1297
NW_006803941.1,9000001,9750000,9450119,30,2.0,2.0,2.0,0.0,1.0,1.0,0.0,0.5333,0.2,0.0,0.3535,0.3535,nan,1.3027,-1.1117
NW_006803942.1,750001,1500000,1112192,35,3.0,3.0,3.0,0.0,0.0,1.0,0.0,0.0,0.2,0.0,0.0,0.3535,nan,nan,-1.1117
NW_006803942.1,1500001,2250000,1836552,35,2.0,2.0,2.0,1.0,2.0,0.0,0.2,0.9333,0.0,0.3535,0.707,0.0,-1.1117,1.033,nan
NW_006803942.1,7500001,8250000,7910294,35,4.0,4.0,4.0,0.0,1.0,1.0,0.0,0.2,0.2,0.0,0.3535,0.3535,nan,-1.1117,-1.1117
NW_006803942.1,8250001,9000000,8598035,31,4.0,4.0,4.0,2.0,1.0,0.0,0.5556,0.4667,0.0,0.707,0.3535,0.0,-0.691,0.8198,nan
NW_006803943.1,1500001,2250000,1883121,34,4.0,4.0,4.0,3.0,0.0,1.0,0.7556,0.0,0.3556,1.0605,0.0,0.3535,-1.0345,nan,0.015
NW_006803943.1,3000001,3750000,3374978,39,7.0,7.0,7.0,2.0,2.0,2.0,0.6667,0.7333,0.4,0.707,0.707,0.707,-0.1839,0.1203,-1.4009
NW_006803943.1,3750001,4500000,4049571,32,4.0,4.0,4.0,3.0,3.0,2.0,0.8667,1.1111,1.0222,1.0605,1.0605,0.707,-0.6575,0.1719,1.4386
NW_006803943.1,4500001,5250000,4802429,38,3.0,3.0,3.0,0.0,0.0,1.0,0.0,0.0,0.2,0.0,0.0,0.3535,nan,nan,-1.1117
NW_006803943.1,6000001,6750000,6446108,35,4.0,4.0,4.0,0.0,1.0,2.0,0.0,0.5333,0.5556,0.0,0.3535,0.707,nan,1.3027,-0.691
NW_006803943.1,8250001,9000000,8631048,31,2.0,2.0,2.0,2.0,0.0,0.0,0.4,0.0,0.0,0.707,0.0,0.0,-1.4009,nan,nan
NW_006803944.1,1,750000,354222,36,2.0,2.0,2.0,0.0,2.0,0.0,0.0,1.0222,0.0,0.0,0.707,0.0,nan,1.4386,nan
NW_006803944.1,1500001,2250000,1852691,41,2.0,2.0,2.0,0.0,0.0,1.0,0.0,0.0,0.2,0.0,0.0,0.3535,nan,nan,-1.1117
NW_006803944.1,2250001,3000000,2640772,37,3.0,3.0,3.0,1.0,1.0,0.0,0.5333,0.2,0.0,0.3535,0.3535,0.0,1.3027,-1.1117,nan
NW_006803944.1,4500001,5250000,4896604,37,2.0,2.0,2.0,2.0,0.0,0.0,0.9111,0.0,0.0,0.707,0.0,0.0,0.9316,nan,nan
NW_006803944.1,5250001,6000000,5628190,38,4.0,4.0,4.0,2.0,0.0,1.0,0.5556,0.0,0.3556,0.707,0.0,0.3535,-0.691,nan,0.015
NW_006803944.1,8250001,9000000,8547052,35,3.0,3.0,3.0,0.0,0.0,2.0,0.0,0.0,0.4,0.0,0.0,0.707,nan,nan,-1.4009
NW_006803945.1,1,750000,376739,31,4.0,4.0,4.0,2.0,0.0,0.0,0.5556,0.0,0.0,0.707,0.0,0.0,-0.691,nan,nan
NW_006803945.1,5250001,6000000,5672544,33,4.0,4.0,4.0,2.0,0.0,1.0,0.7111,0.0,0.4667,0.707,0.0,0.3535,0.0189,nan,0.8198
NW_006803945.1,6000001,6750000,6395987,38,3.0,3.0,3.0,2.0,0.0,1.0,0.6667,0.0,0.2,0.707,0.0,0.3535,-0.1839,nan,-1.1117
NW_006803945.1,6750001,7500000,7136230,33,1.0,1.0,1.0,0.0,0.0,0.0,0.0,0.0,0.0,0.0,0.0,0.0,nan,nan,nan
NW_006803945.1,7500001,8250000,7895309,30,2.0,2.0,2.0,0.0,1.0,1.0,0.0,0.2,0.4667,0.0,0.3535,0.3535,nan,-1.1117,0.8198
NW_006803945.1,8250001,9000000,8595347,30,0.0,0.0,0.0,nan,nan,nan,nan,nan,nan,nan,nan,nan,nan,nan,nan
NW_006803946.1,1,750000,396167,45,1.0,1.0,1.0,0.0,0.0,1.0,0.0,0.0,0.2,0.0,0.0,0.3535,nan,nan,-1.1117
NW_006803946.1,750001,1500000,1164244,32,0.0,0.0,0.0,nan,nan,nan,nan,nan,nan,nan,nan,nan,nan,nan,nan
NW_006803946.1,1500001,2250000,1821275,36,1.0,1.0,1.0,0.0,1.0,0.0,0.0,0.3556,0.0,0.0,0.3535,0.0,nan,0.015,nan
NW_006803946.1,3000001,3750000,3359915,42,1.0,1.0,1.0,0.0,0.0,1.0,0.0,0.0,0.4667,0.0,0.0,0.3535,nan,nan,0.8198
NW_006803946.1,3750001,4500000,4186249,32,2.0,2.0,2.0,0.0,1.0,1.0,0.0,0.2,0.3556,0.0,0.3535,0.3535,nan,-1.1117,0.015
NW_006803946.1,6000001,6750000,6378944,42,3.0,3.0,3.0,1.0,0.0,1.0,0.3556,0.0,0.2,0.3535,0.0,0.3535,0.015,nan,-1.1117
NW_006803946.1,7500001,8250000,7921041,42,4.0,4.0,4.0,2.0,0.0,0.0,0.7111,0.0,0.0,0.707,0.0,0.0,0.0189,nan,nan
NW_006803947.1,1500001,2250000,1876872,34,2.0,2.0,2.0,0.0,0.0,1.0,0.0,0.0,0.2,0.0,0.0,0.3535,nan,nan,-1.1117
NW_006803947.1,2250001,3000000,2624282,33,4.0,4.0,4.0,1.0,1.0,1.0,0.3556,0.3556,0.3556,0.3535,0.3535,0.3535,0.015,0.015,0.015
NW_006803947.1,3000001,3750000,3398980,35,1.0,1.0,1.0,0.0,0.0,0.0,0.0,0.0,0.0,0.0,0.0,0.0,nan,nan,nan
NW_006803947.1,3750001,4500000,4099193,38,0.0,0.0,0.0,nan,nan,nan,nan,nan,nan,nan,nan,nan,nan,nan,nan
NW_006803947.1,4500001,5250000,4924229,31,2.0,2.0,2.0,0.0,0.0,0.0,0.0,0.0,0.0,0.0,0.0,0.0,nan,nan,nan
NW_006803947.1,6000001,6750000,6369454,31,2.0,2.0,2.0,0.0,2.0,0.0,0.0,0.4,0.0,0.0,0.707,0.0,nan,-1.4009,nan
NW_006803947.1,6750001,7500000,7141073,31,3.0,3.0,3.0,1.0,1.0,0.0,0.2,0.2,0.0,0.3535,0.3535,0.0,-1.1117,-1.1117,nan
NW_006803948.1,1,750000,378812,33,1.0,1.0,1.0,0.0,0.0,1.0,0.0,0.0,0.3556,0.0,0.0,0.3535,nan,nan,0.015
NW_006803948.1,750001,1500000,1118946,39,2.0,2.0,2.0,0.0,1.0,1.0,0.0,0.3556,0.3556,0.0,0.3535,0.3535,nan,0.015,0.015
NW_006803948.1,1500001,2250000,1867122,38,3.0,3.0,3.0,1.0,0.0,2.0,0.2,0.0,0.7333,0.3535,0.0,0.707,-1.1117,nan,0.1203
NW_006803948.1,2250001,3000000,2642588,43,7.0,7.0,7.0,1.0,3.0,3.0,0.2,0.8667,0.8667,0.3535,1.0605,1.0605,-1.1117,-0.6575,-0.6575
NW_006803948.1,3750001,4500000,4122047,33,1.0,1.0,1.0,0.0,1.0,0.0,0.0,0.5556,0.0,0.0,0.3535,0.0,nan,1.4636,nan
NW_006803948.1,5250001,6000000,5662858,40,2.0,2.0,2.0,0.0,2.0,1.0,0.0,0.7333,0.3556,0.0,0.707,0.3535,nan,0.1203,0.015
NW_006803948.1,6000001,6750000,6351584,44,2.0,2.0,2.0,0.0,1.0,0.0,0.0,0.3556,0.0,0.0,0.3535,0.0,nan,0.015,nan
NW_006803948.1,6750001,7500000,7101407,45,3.0,3.0,3.0,1.0,0.0,2.0,0.5556,0.0,0.5556,0.3535,0.0,0.707,1.4636,nan,-0.691
NW_006803948.1,7500001,8250000,7888675,39,4.0,4.0,4.0,1.0,1.0,1.0,0.4667,0.4667,0.4667,0.3535,0.3535,0.3535,0.8198,0.8198,0.8198
NW_006803949.1,1500001,2250000,1871104,33,4.0,4.0,4.0,2.0,0.0,1.0,0.7333,0.0,0.2,0.707,0.0,0.3535,0.1203,nan,-1.1117
NW_006803950.1,750001,1500000,1222833,32,4.0,4.0,4.0,3.0,0.0,1.0,0.7556,0.0,0.2,1.0605,0.0,0.3535,-1.0345,nan,-1.1117
NW_006803950.1,3750001,4500000,4120188,37,3.0,3.0,3.0,1.0,2.0,0.0,0.2,0.8889,0.0,0.3535,0.707,0.0,-1.1117,0.8302,nan
NW_006803950.1,4500001,5250000,4875992,42,1.0,1.0,1.0,1.0,0.0,0.0,0.5333,0.0,0.0,0.3535,0.0,0.0,1.3027,nan,nan
NW_006803950.1,5250001,6000000,5595735,42,1.0,1.0,1.0,1.0,0.0,0.0,0.2,0.0,0.0,0.3535,0.0,0.0,-1.1117,nan,nan
NW_006803950.1,6000001,6750000,6319705,34,5.0,5.0,5.0,0.0,2.0,2.0,0.0,0.7333,0.4,0.0,0.707,0.707,nan,0.1203,-1.4009
NW_006803950.1,6750001,7500000,7088574,40,1.0,1.0,1.0,0.0,0.0,0.0,0.0,0.0,0.0,0.0,0.0,0.0,nan,nan,nan
NW_006803951.1,1,750000,419862,39,5.0,5.0,5.0,0.0,1.0,2.0,0.0,0.4667,0.5556,0.0,0.3535,0.707,nan,0.8198,-0.691
NW_006803951.1,750001,1500000,1116120,47,8.0,8.0,8.0,2.0,1.0,1.0,0.5556,0.5556,0.5556,0.707,0.3535,0.3535,-0.691,1.4636,1.4636
NW_006803951.1,1500001,2250000,1873311,50,3.0,3.0,3.0,1.0,1.0,0.0,0.2,0.2,0.0,0.3535,0.3535,0.0,-1.1117,-1.1117,nan
NW_006803951.1,2250001,3000000,2565642,31,3.0,3.0,3.0,0.0,0.0,1.0,0.0,0.0,0.2,0.0,0.0,0.3535,nan,nan,-1.1117
NW_006803951.1,5250001,6000000,5633295,35,4.0,4.0,4.0,2.0,2.0,0.0,0.8222,0.5556,0.0,0.707,0.707,0.0,0.5259,-0.691,nan
NW_006803951.1,6000001,6750000,6393471,37,3.0,3.0,3.0,1.0,1.0,1.0,0.5333,0.5333,0.3556,0.3535,0.3535,0.3535,1.3027,1.3027,0.015
NW_006803951.1,6750001,7500000,7120352,31,2.0,2.0,2.0,0.0,1.0,2.0,0.0,0.2,0.9333,0.0,0.3535,0.707,nan,-1.1117,1.033
NW_006803953.1,5250001,6000000,5636883,34,3.0,3.0,3.0,2.0,0.0,0.0,0.7333,0.0,0.0,0.707,0.0,0.0,0.1203,nan,nan
NW_006803953.1,6750001,7500000,7092723,32,5.0,5.0,5.0,0.0,0.0,2.0,0.0,0.0,0.4,0.0,0.0,0.707,nan,nan,-1.4009
NW_006803953.1,7500001,8250000,7882542,30,1.0,1.0,1.0,0.0,0.0,1.0,0.0,0.0,0.3556,0.0,0.0,0.3535,nan,nan,0.015
NW_006803954.1,1,750000,363204,33,3.0,3.0,3.0,1.0,0.0,1.0,0.2,0.0,0.2,0.3535,0.0,0.3535,-1.1117,nan,-1.1117
NW_006803954.1,750001,1500000,1091764,30,3.0,3.0,3.0,0.0,0.0,1.0,0.0,0.0,0.2,0.0,0.0,0.3535,nan,nan,-1.1117
NW_006803954.1,3750001,4500000,4193762,30,1.0,1.0,1.0,0.0,1.0,0.0,0.0,0.2,0.0,0.0,0.3535,0.0,nan,-1.1117,nan
NW_006803954.1,5250001,6000000,5619789,32,1.0,1.0,1.0,0.0,0.0,0.0,0.0,0.0,0.0,0.0,0.0,0.0,nan,nan,nan
NW_006803955.1,2250001,3000000,2634582,33,2.0,2.0,2.0,1.0,0.0,2.0,0.2,0.0,0.4,0.3535,0.0,0.707,-1.1117,nan,-1.4009
NW_006803955.1,3000001,3750000,3308336,32,3.0,3.0,3.0,1.0,1.0,1.0,0.2,0.3556,0.2,0.3535,0.3535,0.3535,-1.1117,0.015,-1.1117
NW_006803955.1,6000001,6750000,6430553,38,2.0,2.0,2.0,0.0,1.0,0.0,0.0,0.5333,0.0,0.0,0.3535,0.0,nan,1.3027,nan
NW_006803955.1,6750001,7500000,7172269,37,4.0,4.0,4.0,2.0,0.0,0.0,0.6667,0.0,0.0,0.707,0.0,0.0,-0.1839,nan,nan
NW_006803956.1,2250001,3000000,2612588,30,4.0,4.0,4.0,0.0,1.0,1.0,0.0,0.5556,0.2,0.0,0.3535,0.3535,nan,1.4636,-1.1117
NW_006803956.1,3000001,3750000,3363225,32,5.0,5.0,5.0,1.0,1.0,0.0,0.2,0.2,0.0,0.3535,0.3535,0.0,-1.1117,-1.1117,nan
NW_006803956.1,4500001,5250000,4890641,41,2.0,2.0,2.0,2.0,0.0,0.0,0.5556,0.0,0.0,0.707,0.0,0.0,-0.691,nan,nan
NW_006803956.1,5250001,6000000,5645327,35,2.0,2.0,2.0,1.0,1.0,0.0,0.2,0.2,0.0,0.3535,0.3535,0.0,-1.1117,-1.1117,nan
NW_006803956.1,6750001,7500000,7145211,32,3.0,3.0,3.0,3.0,0.0,1.0,0.7556,0.0,0.2,1.0605,0.0,0.3535,-1.0345,nan,-1.1117
NW_006803957.1,1,750000,359456,37,2.0,2.0,2.0,2.0,0.0,0.0,0.7111,0.0,0.0,0.707,0.0,0.0,0.0189,nan,nan
NW_006803957.1,1500001,2250000,1802545,32,3.0,3.0,3.0,0.0,2.0,0.0,0.0,0.4,0.0,0.0,0.707,0.0,nan,-1.4009,nan
NW_006803957.1,2250001,3000000,2648766,40,1.0,1.0,1.0,1.0,0.0,0.0,0.4667,0.0,0.0,0.3535,0.0,0.0,0.8198,nan,nan
NW_006803957.1,3000001,3750000,3377278,34,3.0,3.0,3.0,0.0,1.0,0.0,0.0,0.2,0.0,0.0,0.3535,0.0,nan,-1.1117,nan
NW_006803957.1,3750001,4500000,4148885,31,0.0,0.0,0.0,nan,nan,nan,nan,nan,nan,nan,nan,nan,nan,nan,nan
NW_006803957.1,6000001,6750000,6438496,35,2.0,2.0,2.0,1.0,0.0,0.0,0.2,0.0,0.0,0.3535,0.0,0.0,-1.1117,nan,nan
NW_006803958.1,750001,1500000,1171352,32,2.0,2.0,2.0,1.0,0.0,1.0,0.4667,0.0,0.5333,0.3535,0.0,0.3535,0.8198,nan,1.3027
NW_006803958.1,3750001,4500000,4111208,37,3.0,3.0,3.0,0.0,0.0,1.0,0.0,0.0,0.2,0.0,0.0,0.3535,nan,nan,-1.1117
NW_006803958.1,4500001,5250000,4867041,48,1.0,1.0,1.0,0.0,0.0,0.0,0.0,0.0,0.0,0.0,0.0,0.0,nan,nan,nan
NW_006803958.1,5250001,6000000,5663555,39,1.0,1.0,1.0,1.0,0.0,0.0,0.2,0.0,0.0,0.3535,0.0,0.0,-1.1117,nan,nan
NW_006803959.1,1500001,2250000,1873752,38,5.0,5.0,5.0,2.0,1.0,2.0,0.5556,0.4667,0.6667,0.707,0.3535,0.707,-0.691,0.8198,-0.1839
NW_006803959.1,2250001,3000000,2668085,34,2.0,2.0,2.0,0.0,1.0,0.0,0.0,0.5333,0.0,0.0,0.3535,0.0,nan,1.3027,nan
NW_006803959.1,3000001,3750000,3382303,33,0.0,0.0,0.0,nan,nan,nan,nan,nan,nan,nan,nan,nan,nan,nan,nan
NW_006803959.1,4500001,5250000,4834155,38,5.0,5.0,5.0,3.0,2.0,0.0,1.0889,0.5556,0.0,1.0605,0.707,0.0,0.0965,-0.691,nan
NW_006803960.1,2250001,3000000,2665362,32,5.0,5.0,5.0,2.0,2.0,2.0,0.6667,0.5556,0.8889,0.707,0.707,0.707,-0.1839,-0.691,0.8302
NW_006803960.1,4500001,5250000,4844214,42,4.0,4.0,4.0,1.0,2.0,1.0,0.2,0.4,0.3556,0.3535,0.707,0.3535,-1.1117,-1.4009,0.015
NW_006803961.1,1,750000,413236,33,1.0,1.0,1.0,1.0,0.0,0.0,0.2,0.0,0.0,0.3535,0.0,0.0,-1.1117,nan,nan
NW_006803961.1,750001,1500000,1134771,32,0.0,0.0,0.0,nan,nan,nan,nan,nan,nan,nan,nan,nan,nan,nan,nan
NW_006803961.1,1500001,2250000,1858040,42,3.0,3.0,3.0,1.0,1.0,0.0,0.5333,0.3556,0.0,0.3535,0.3535,0.0,1.3027,0.015,nan
NW_006803961.1,2250001,3000000,2612306,37,3.0,3.0,3.0,0.0,1.0,2.0,0.0,0.2,0.6667,0.0,0.3535,0.707,nan,-1.1117,-0.1839
NW_006803961.1,3000001,3750000,3332311,42,3.0,3.0,3.0,2.0,1.0,1.0,0.9111,0.4667,0.2,0.707,0.3535,0.3535,0.9316,0.8198,-1.1117
NW_006803961.1,5250001,6000000,5581311,44,4.0,4.0,4.0,2.0,3.0,2.0,0.4,0.8667,0.5556,0.707,1.0605,0.707,-1.4009,-0.6575,-0.691
NW_006803961.1,6000001,6750000,6349467,32,3.0,3.0,3.0,1.0,0.0,2.0,0.5333,0.0,0.9333,0.3535,0.0,0.707,1.3027,nan,1.033
NW_006803962.1,1,750000,370791,47,5.0,5.0,5.0,2.0,1.0,1.0,0.4,0.3556,0.2,0.707,0.3535,0.3535,-1.4009,0.015,-1.1117
NW_006803962.1,750001,1500000,1225467,30,3.0,3.0,3.0,0.0,1.0,0.0,0.0,0.4667,0.0,0.0,0.3535,0.0,nan,0.8198,nan
NW_006803962.1,1500001,2250000,1884884,42,2.0,2.0,2.0,2.0,0.0,1.0,0.5556,0.0,0.2,0.707,0.0,0.3535,-0.691,nan,-1.1117
NW_006803962.1,2250001,3000000,2693877,32,1.0,1.0,1.0,0.0,0.0,0.0,0.0,0.0,0.0,0.0,0.0,0.0,nan,nan,nan
NW_006803962.1,3000001,3750000,3352265,33,2.0,2.0,2.0,0.0,1.0,0.0,0.0,0.5333,0.0,0.0,0.3535,0.0,nan,1.3027,nan
NW_006803962.1,3750001,4500000,4181092,45,2.0,2.0,2.0,1.0,0.0,0.0,0.3556,0.0,0.0,0.3535,0.0,0.0,0.015,nan,nan
NW_006803962.1,5250001,6000000,5597671,43,4.0,4.0,4.0,2.0,0.0,0.0,0.4,0.0,0.0,0.707,0.0,0.0,-1.4009,nan,nan
NW_006803962.1,6000001,6750000,6390055,35,4.0,4.0,4.0,1.0,2.0,1.0,0.4667,0.5556,0.2,0.3535,0.707,0.3535,0.8198,-0.691,-1.1117
NW_006803963.1,1,750000,363296,30,3.0,3.0,3.0,1.0,0.0,0.0,0.2,0.0,0.0,0.3535,0.0,0.0,-1.1117,nan,nan
NW_006803963.1,750001,1500000,1153137,45,4.0,4.0,4.0,0.0,1.0,2.0,0.0,0.2,0.4,0.0,0.3535,0.707,nan,-1.1117,-1.4009
NW_006803963.1,1500001,2250000,1816037,35,0.0,0.0,0.0,nan,nan,nan,nan,nan,nan,nan,nan,nan,nan,nan,nan
NW_006803963.1,2250001,3000000,2531965,33,5.0,5.0,5.0,1.0,1.0,2.0,0.4667,0.5333,0.4,0.3535,0.3535,0.707,0.8198,1.3027,-1.4009
NW_006803963.1,3000001,3750000,3395304,34,2.0,2.0,2.0,0.0,2.0,0.0,0.0,0.8222,0.0,0.0,0.707,0.0,nan,0.5259,nan
NW_006803963.1,5250001,6000000,5634784,30,3.0,3.0,3.0,1.0,2.0,1.0,0.5333,0.5556,0.2,0.3535,0.707,0.3535,1.3027,-0.691,-1.1117
NW_006803964.1,1,750000,412994,30,3.0,3.0,3.0,1.0,0.0,0.0,0.2,0.0,0.0,0.3535,0.0,0.0,-1.1117,nan,nan
NW_006803964.1,750001,1500000,1128716,35,1.0,1.0,1.0,0.0,0.0,0.0,0.0,0.0,0.0,0.0,0.0,0.0,nan,nan,nan
NW_006803964.1,1500001,2250000,1879535,41,1.0,1.0,1.0,0.0,0.0,0.0,0.0,0.0,0.0,0.0,0.0,0.0,nan,nan,nan
NW_006803964.1,3000001,3750000,3433737,41,3.0,3.0,3.0,1.0,1.0,0.0,0.3556,0.5556,0.0,0.3535,0.3535,0.0,0.015,1.4636,nan
NW_006803964.1,3750001,4500000,4091729,37,4.0,4.0,4.0,4.0,0.0,0.0,1.4,0.0,0.0,1.4139,0.0,0.0,-0.0379,nan,nan
NW_006803964.1,5250001,6000000,5621407,40,1.0,1.0,1.0,0.0,0.0,0.0,0.0,0.0,0.0,0.0,0.0,0.0,nan,nan,nan
NW_006803964.1,6000001,6750000,6389890,39,4.0,4.0,4.0,3.0,1.0,0.0,1.1778,0.4667,0.0,1.0605,0.3535,0.0,0.398,0.8198,nan
NW_006803965.1,1,750000,359036,34,3.0,3.0,3.0,2.0,1.0,0.0,1.0,0.3556,0.0,0.707,0.3535,0.0,1.3372,0.015,nan
NW_006803965.1,1500001,2250000,1809696,31,3.0,3.0,3.0,2.0,0.0,0.0,0.9111,0.0,0.0,0.707,0.0,0.0,0.9316,nan,nan
NW_006803965.1,3750001,4500000,4111122,37,5.0,5.0,5.0,1.0,0.0,0.0,0.5556,0.0,0.0,0.3535,0.0,0.0,1.4636,nan,nan
NW_006803965.1,4500001,5250000,4865605,30,5.0,5.0,5.0,2.0,1.0,1.0,0.5556,0.2,0.5556,0.707,0.3535,0.3535,-0.691,-1.1117,1.4636
NW_006803965.1,5250001,6000000,5604256,34,1.0,1.0,1.0,1.0,0.0,0.0,0.5333,0.0,0.0,0.3535,0.0,0.0,1.3027,nan,nan
NW_006803965.1,6000001,6750000,6329731,30,5.0,5.0,5.0,2.0,1.0,1.0,0.5556,0.2,0.2,0.707,0.3535,0.3535,-0.691,-1.1117,-1.1117
NW_006803966.1,1,750000,397607,36,2.0,2.0,2.0,0.0,0.0,2.0,0.0,0.0,0.6667,0.0,0.0,0.707,nan,nan,-0.1839
NW_006803966.1,750001,1500000,1156744,36,2.0,2.0,2.0,1.0,1.0,0.0,0.5556,0.2,0.0,0.3535,0.3535,0.0,1.4636,-1.1117,nan
NW_006803966.1,4500001,5250000,4949093,40,4.0,4.0,4.0,2.0,0.0,2.0,0.4,0.0,0.6667,0.707,0.0,0.707,-1.4009,nan,-0.1839
NW_006803966.1,5250001,6000000,5628442,32,1.0,1.0,1.0,1.0,0.0,0.0,0.2,0.0,0.0,0.3535,0.0,0.0,-1.1117,nan,nan
NW_006803966.1,6000001,6750000,6354937,33,6.0,6.0,6.0,1.0,1.0,2.0,0.3556,0.3556,0.4,0.3535,0.3535,0.707,0.015,0.015,-1.4009
NW_006803967.1,1,750000,367639,33,0.0,0.0,0.0,nan,nan,nan,nan,nan,nan,nan,nan,nan,nan,nan,nan
NW_006803967.1,750001,1500000,1156362,35,2.0,2.0,2.0,0.0,1.0,1.0,0.0,0.3556,0.5556,0.0,0.3535,0.3535,nan,0.015,1.4636
NW_006803967.1,1500001,2250000,1876418,34,1.0,1.0,1.0,0.0,0.0,0.0,0.0,0.0,0.0,0.0,0.0,0.0,nan,nan,nan
NW_006803967.1,2250001,3000000,2659855,35,1.0,1.0,1.0,0.0,0.0,0.0,0.0,0.0,0.0,0.0,0.0,0.0,nan,nan,nan
NW_006803967.1,3000001,3750000,3337519,32,2.0,2.0,2.0,0.0,0.0,2.0,0.0,0.0,0.6667,0.0,0.0,0.707,nan,nan,-0.1839
NW_006803967.1,3750001,4500000,4196952,37,2.0,2.0,2.0,0.0,1.0,0.0,0.0,0.2,0.0,0.0,0.3535,0.0,nan,-1.1117,nan
NW_006803967.1,4500001,5250000,4948787,37,3.0,3.0,3.0,1.0,1.0,0.0,0.2,0.3556,0.0,0.3535,0.3535,0.0,-1.1117,0.015,nan
NW_006803967.1,5250001,6000000,5618534,37,3.0,3.0,3.0,0.0,0.0,0.0,0.0,0.0,0.0,0.0,0.0,0.0,nan,nan,nan
NW_006803967.1,6000001,6750000,6365243,36,2.0,2.0,2.0,2.0,1.0,1.0,1.0,0.3556,0.5333,0.707,0.3535,0.3535,1.3372,0.015,1.3027
NW_006803968.1,750001,1500000,1141521,36,4.0,4.0,4.0,2.0,1.0,0.0,0.5556,0.2,0.0,0.707,0.3535,0.0,-0.691,-1.1117,nan
NW_006803968.1,1500001,2250000,1806522,31,3.0,3.0,3.0,2.0,0.0,0.0,0.4,0.0,0.0,0.707,0.0,0.0,-1.4009,nan,nan
NW_006803968.1,2250001,3000000,2628977,34,4.0,4.0,4.0,1.0,0.0,0.0,0.2,0.0,0.0,0.3535,0.0,0.0,-1.1117,nan,nan
NW_006803968.1,3000001,3750000,3356237,43,7.0,7.0,7.0,1.0,2.0,2.0,0.5556,0.8222,0.7333,0.3535,0.707,0.707,1.4636,0.5259,0.1203
NW_006803968.1,4500001,5250000,4864799,33,4.0,4.0,4.0,0.0,2.0,2.0,0.0,0.7111,0.5556,0.0,0.707,0.707,nan,0.0189,-0.691
NW_006803968.1,5250001,6000000,5653737,38,4.0,4.0,4.0,3.0,0.0,1.0,1.6444,0.0,0.5333,1.0605,0.0,0.3535,1.9813,nan,1.3027
NW_006803968.1,6000001,6750000,6425053,32,5.0,5.0,5.0,2.0,2.0,1.0,0.7111,0.6667,0.2,0.707,0.707,0.3535,0.0189,-0.1839,-1.1117
NW_006803969.1,2250001,3000000,2616444,31,1.0,1.0,1.0,1.0,0.0,0.0,0.4667,0.0,0.0,0.3535,0.0,0.0,0.8198,nan,nan
NW_006803969.1,3750001,4500000,4097000,40,1.0,1.0,1.0,1.0,0.0,0.0,0.5333,0.0,0.0,0.3535,0.0,0.0,1.3027,nan,nan
NW_006803969.1,4500001,5250000,4874474,39,6.0,6.0,6.0,2.0,1.0,2.0,0.5556,0.4667,0.4,0.707,0.3535,0.707,-0.691,0.8198,-1.4009
NW_006803969.1,5250001,6000000,5644766,36,3.0,3.0,3.0,1.0,0.0,0.0,0.4667,0.0,0.0,0.3535,0.0,0.0,0.8198,nan,nan
NW_006803970.1,750001,1500000,1074701,42,4.0,4.0,4.0,1.0,1.0,0.0,0.3556,0.3556,0.0,0.3535,0.3535,0.0,0.015,0.015,nan
NW_006803970.1,1500001,2250000,1961101,31,4.0,4.0,4.0,1.0,0.0,1.0,0.2,0.0,0.5333,0.3535,0.0,0.3535,-1.1117,nan,1.3027
NW_006803970.1,4500001,5250000,4890234,30,5.0,5.0,5.0,2.0,0.0,2.0,0.6667,0.0,0.7333,0.707,0.0,0.707,-0.1839,nan,0.1203
NW_006803970.1,5250001,6000000,5568135,36,4.0,4.0,4.0,1.0,0.0,1.0,0.5556,0.0,0.5333,0.3535,0.0,0.3535,1.4636,nan,1.3027
NW_006803970.1,6000001,6750000,6360740,35,4.0,4.0,4.0,1.0,0.0,0.0,0.4667,0.0,0.0,0.3535,0.0,0.0,0.8198,nan,nan
NW_006803971.1,3000001,3750000,3337850,30,3.0,3.0,3.0,3.0,0.0,0.0,0.9333,0.0,0.0,1.0605,0.0,0.0,-0.4313,nan,nan
NW_006803972.1,1,750000,417521,36,1.0,1.0,1.0,1.0,0.0,0.0,0.5333,0.0,0.0,0.3535,0.0,0.0,1.3027,nan,nan
NW_006803972.1,750001,1500000,1099187,48,1.0,1.0,1.0,0.0,0.0,1.0,0.0,0.0,0.3556,0.0,0.0,0.3535,nan,nan,0.015
NW_006803972.1,1500001,2250000,1814465,41,4.0,4.0,4.0,2.0,1.0,2.0,0.4,0.5333,0.6667,0.707,0.3535,0.707,-1.4009,1.3027,-0.1839
NW_006803972.1,3000001,3750000,3400347,32,1.0,1.0,1.0,1.0,1.0,0.0,0.5333,0.5333,0.0,0.3535,0.3535,0.0,1.3027,1.3027,nan
NW_006803972.1,4500001,5250000,4923089,33,1.0,1.0,1.0,1.0,1.0,1.0,0.2,0.4667,0.2,0.3535,0.3535,0.3535,-1.1117,0.8198,-1.1117
NW_006803972.1,5250001,6000000,5645218,34,3.0,3.0,3.0,3.0,1.0,0.0,0.8667,0.2,0.0,1.0605,0.3535,0.0,-0.6575,-1.1117,nan
NW_006803973.1,1,750000,345752,32,1.0,1.0,1.0,0.0,0.0,1.0,0.0,0.0,0.4667,0.0,0.0,0.3535,nan,nan,0.8198
NW_006803973.1,750001,1500000,1113583,34,3.0,3.0,3.0,2.0,1.0,0.0,1.0,0.2,0.0,0.707,0.3535,0.0,1.3372,-1.1117,nan
NW_006803973.1,3750001,4500000,4201567,31,1.0,1.0,1.0,1.0,0.0,0.0,0.3556,0.0,0.0,0.3535,0.0,0.0,0.015,nan,nan
NW_006803973.1,4500001,5250000,4873450,37,2.0,2.0,2.0,0.0,0.0,0.0,0.0,0.0,0.0,0.0,0.0,0.0,nan,nan,nan
NW_006803973.1,5250001,6000000,5594927,35,2.0,2.0,2.0,2.0,0.0,0.0,0.9333,0.0,0.0,0.707,0.0,0.0,1.033,nan,nan
NW_006803975.1,750001,1500000,1120176,31,1.0,1.0,1.0,1.0,0.0,0.0,0.2,0.0,0.0,0.3535,0.0,0.0,-1.1117,nan,nan
NW_006803975.1,3000001,3750000,3371920,41,4.0,4.0,4.0,1.0,0.0,0.0,0.2,0.0,0.0,0.3535,0.0,0.0,-1.1117,nan,nan
NW_006803976.1,750001,1500000,1171430,30,2.0,2.0,2.0,1.0,1.0,1.0,0.3556,0.2,0.2,0.3535,0.3535,0.3535,0.015,-1.1117,-1.1117
NW_006803976.1,3000001,3750000,3408825,36,1.0,1.0,1.0,0.0,0.0,0.0,0.0,0.0,0.0,0.0,0.0,0.0,nan,nan,nan
NW_006803976.1,3750001,4500000,4112607,42,2.0,2.0,2.0,0.0,1.0,1.0,0.0,0.4667,0.5556,0.0,0.3535,0.3535,nan,0.8198,1.4636
NW_006803976.1,4500001,5250000,4907345,34,5.0,5.0,5.0,1.0,3.0,0.0,0.5333,0.6,0.0,0.3535,1.0605,0.0,1.3027,-1.5622,nan
NW_006803977.1,750001,1500000,1154913,30,2.0,2.0,2.0,0.0,0.0,1.0,0.0,0.0,0.5333,0.0,0.0,0.3535,nan,nan,1.3027
NW_006803977.1,4500001,5250000,4910639,32,3.0,3.0,3.0,0.0,0.0,2.0,0.0,0.0,0.5556,0.0,0.0,0.707,nan,nan,-0.691
NW_006803978.1,1,750000,371587,33,3.0,3.0,3.0,0.0,0.0,0.0,0.0,0.0,0.0,0.0,0.0,0.0,nan,nan,nan
NW_006803978.1,750001,1500000,1175661,41,4.0,4.0,4.0,1.0,2.0,1.0,0.4667,0.8889,0.3556,0.3535,0.707,0.3535,0.8198,0.8302,0.015
NW_006803978.1,2250001,3000000,2622834,33,0.0,0.0,0.0,nan,nan,nan,nan,nan,nan,nan,nan,nan,nan,nan,nan
NW_006803978.1,3000001,3750000,3430556,32,2.0,2.0,2.0,1.0,1.0,0.0,0.2,0.2,0.0,0.3535,0.3535,0.0,-1.1117,-1.1117,nan
NW_006803978.1,3750001,4500000,4121635,44,2.0,2.0,2.0,0.0,2.0,0.0,0.0,0.8222,0.0,0.0,0.707,0.0,nan,0.5259,nan
NW_006803978.1,4500001,5250000,4846131,47,1.0,1.0,1.0,1.0,1.0,0.0,0.5333,0.3556,0.0,0.3535,0.3535,0.0,1.3027,0.015,nan
NW_006803978.1,5250001,6000000,5614044,34,4.0,4.0,4.0,0.0,1.0,2.0,0.0,0.2,0.5556,0.0,0.3535,0.707,nan,-1.1117,-0.691
NW_006803979.1,1,750000,420577,31,0.0,0.0,0.0,nan,nan,nan,nan,nan,nan,nan,nan,nan,nan,nan,nan
NW_006803979.1,750001,1500000,1144486,30,1.0,1.0,1.0,0.0,0.0,0.0,0.0,0.0,0.0,0.0,0.0,0.0,nan,nan,nan
NW_006803979.1,3000001,3750000,3372634,32,5.0,5.0,5.0,1.0,3.0,1.0,0.3556,1.0222,0.5333,0.3535,1.0605,0.3535,0.015,-0.1297,1.3027
NW_006803979.1,3750001,4500000,4153771,33,4.0,4.0,4.0,1.0,0.0,2.0,0.5556,0.0,0.5556,0.3535,0.0,0.707,1.4636,nan,-0.691
NW_006803980.1,1,750000,456631,30,3.0,3.0,3.0,0.0,0.0,1.0,0.0,0.0,0.5333,0.0,0.0,0.3535,nan,nan,1.3027
NW_006803980.1,750001,1500000,1016457,39,4.0,4.0,4.0,3.0,0.0,2.0,1.0222,0.0,1.0889,1.0605,0.0,0.707,-0.1297,nan,1.7429
NW_006803981.1,750001,1500000,1092794,32,0.0,0.0,0.0,nan,nan,nan,nan,nan,nan,nan,nan,nan,nan,nan,nan
NW_006803981.1,2250001,3000000,2655998,33,2.0,2.0,2.0,1.0,1.0,0.0,0.2,0.2,0.0,0.3535,0.3535,0.0,-1.1117,-1.1117,nan
NW_006803982.1,750001,1500000,1165731,35,1.0,1.0,1.0,1.0,0.0,0.0,0.5556,0.0,0.0,0.3535,0.0,0.0,1.4636,nan,nan
NW_006803982.1,2250001,3000000,2667578,34,6.0,6.0,6.0,2.0,0.0,1.0,0.7333,0.0,0.5556,0.707,0.0,0.3535,0.1203,nan,1.4636
NW_006803983.1,1,750000,373430,39,1.0,1.0,1.0,0.0,0.0,0.0,0.0,0.0,0.0,0.0,0.0,0.0,nan,nan,nan
NW_006803983.1,1500001,2250000,1886814,47,1.0,1.0,1.0,0.0,0.0,0.0,0.0,0.0,0.0,0.0,0.0,0.0,nan,nan,nan
NW_006803983.1,3000001,3750000,3328733,33,1.0,1.0,1.0,0.0,1.0,0.0,0.0,0.5333,0.0,0.0,0.3535,0.0,nan,1.3027,nan
NW_006803984.1,1,750000,391150,32,2.0,2.0,2.0,1.0,0.0,1.0,0.2,0.0,0.2,0.3535,0.0,0.3535,-1.1117,nan,-1.1117
NW_006803984.1,750001,1500000,1180919,30,4.0,4.0,4.0,1.0,2.0,2.0,0.2,0.5556,0.5556,0.3535,0.707,0.707,-1.1117,-0.691,-0.691
NW_006803984.1,1500001,2250000,1883202,30,1.0,1.0,1.0,0.0,0.0,1.0,0.0,0.0,0.2,0.0,0.0,0.3535,nan,nan,-1.1117
NW_006803984.1,3000001,3750000,3415483,35,3.0,3.0,3.0,1.0,1.0,1.0,0.2,0.4667,0.4667,0.3535,0.3535,0.3535,-1.1117,0.8198,0.8198
NW_006803984.1,3750001,4500000,4122575,31,4.0,4.0,4.0,3.0,0.0,1.0,0.9556,0.0,0.2,1.0605,0.0,0.3535,-0.3559,nan,-1.1117
NW_006803984.1,5250001,6000000,5659089,32,3.0,3.0,3.0,1.0,0.0,1.0,0.2,0.0,0.2,0.3535,0.0,0.3535,-1.1117,nan,-1.1117
NW_006803985.1,1,750000,288617,40,4.0,4.0,4.0,2.0,3.0,2.0,0.4,1.2444,0.5556,0.707,1.0605,0.707,-1.4009,0.6242,-0.691
NW_006803985.1,1500001,2250000,1883072,44,2.0,2.0,2.0,0.0,1.0,1.0,0.0,0.2,0.2,0.0,0.3535,0.3535,nan,-1.1117,-1.1117
NW_006803985.1,2250001,3000000,2603895,37,4.0,4.0,4.0,1.0,0.0,1.0,0.5333,0.0,0.2,0.3535,0.0,0.3535,1.3027,nan,-1.1117
NW_006803985.1,3000001,3750000,3402708,33,0.0,0.0,0.0,nan,nan,nan,nan,nan,nan,nan,nan,nan,nan,nan,nan
NW_006803985.1,3750001,4500000,4134732,31,2.0,2.0,2.0,1.0,1.0,0.0,0.2,0.2,0.0,0.3535,0.3535,0.0,-1.1117,-1.1117,nan
NW_006803985.1,4500001,5250000,4882157,32,3.0,3.0,3.0,0.0,1.0,0.0,0.0,0.4667,0.0,0.0,0.3535,0.0,nan,0.8198,nan
NW_006803986.1,1,750000,340187,32,3.0,3.0,3.0,0.0,0.0,1.0,0.0,0.0,0.5333,0.0,0.0,0.3535,nan,nan,1.3027
NW_006803986.1,1500001,2250000,1808797,30,3.0,3.0,3.0,1.0,0.0,0.0,0.4667,0.0,0.0,0.3535,0.0,0.0,0.8198,nan,nan
NW_006803986.1,3000001,3750000,3414992,34,5.0,5.0,5.0,2.0,1.0,3.0,0.5556,0.2,0.9333,0.707,0.3535,1.0605,-0.691,-1.1117,-0.4313
NW_006803986.1,4500001,5250000,4840038,43,6.0,6.0,6.0,4.0,2.0,3.0,1.6222,0.8889,0.7556,1.4139,0.707,1.0605,0.5655,0.8302,-1.0345
NW_006803987.1,2250001,3000000,2654048,40,3.0,3.0,3.0,2.0,0.0,1.0,0.8222,0.0,0.3556,0.707,0.0,0.3535,0.5259,nan,0.015
NW_006803987.1,3000001,3750000,3429875,37,3.0,3.0,3.0,1.0,0.0,1.0,0.4667,0.0,0.5333,0.3535,0.0,0.3535,0.8198,nan,1.3027
NW_006803987.1,3750001,4500000,4143360,34,4.0,4.0,4.0,0.0,3.0,0.0,0.0,0.7556,0.0,0.0,1.0605,0.0,nan,-1.0345,nan
NW_006803987.1,4500001,5250000,4914355,35,0.0,0.0,0.0,nan,nan,nan,nan,nan,nan,nan,nan,nan,nan,nan,nan
NW_006803989.1,1,750000,356188,44,2.0,2.0,2.0,0.0,0.0,1.0,0.0,0.0,0.2,0.0,0.0,0.3535,nan,nan,-1.1117
NW_006803989.1,750001,1500000,1166074,38,2.0,2.0,2.0,1.0,0.0,0.0,0.2,0.0,0.0,0.3535,0.0,0.0,-1.1117,nan,nan
NW_006803989.1,1500001,2250000,1807127,38,4.0,4.0,4.0,0.0,3.0,0.0,0.0,0.9111,0.0,0.0,1.0605,0.0,nan,-0.5067,nan
NW_006803989.1,2250001,3000000,2578136,38,3.0,3.0,3.0,0.0,1.0,0.0,0.0,0.3556,0.0,0.0,0.3535,0.0,nan,0.015,nan
NW_006803989.1,3750001,4500000,4080738,34,2.0,2.0,2.0,1.0,1.0,0.0,0.2,0.5333,0.0,0.3535,0.3535,0.0,-1.1117,1.3027,nan
NW_006803989.1,4500001,5250000,4897708,31,3.0,3.0,3.0,1.0,1.0,0.0,0.3556,0.5556,0.0,0.3535,0.3535,0.0,0.015,1.4636,nan
NW_006803990.1,1,750000,413606,37,2.0,2.0,2.0,2.0,0.0,0.0,1.0889,0.0,0.0,0.707,0.0,0.0,1.7429,nan,nan
NW_006803990.1,750001,1500000,1140793,37,6.0,6.0,6.0,0.0,6.0,1.0,0.0,2.3111,0.3556,0.0,2.1209,0.3535,nan,0.371,0.015
NW_006803990.1,1500001,2250000,1820124,37,0.0,0.0,0.0,nan,nan,nan,nan,nan,nan,nan,nan,nan,nan,nan,nan
NW_006803990.1,2250001,3000000,2650227,38,2.0,2.0,2.0,1.0,0.0,0.0,0.5333,0.0,0.0,0.3535,0.0,0.0,1.3027,nan,nan
NW_006803990.1,3000001,3750000,3403490,31,0.0,0.0,0.0,nan,nan,nan,nan,nan,nan,nan,nan,nan,nan,nan,nan
NW_006803990.1,3750001,4500000,4087701,32,3.0,3.0,3.0,1.0,0.0,0.0,0.2,0.0,0.0,0.3535,0.0,0.0,-1.1117,nan,nan
NW_006803990.1,4500001,5250000,4829598,34,1.0,1.0,1.0,0.0,0.0,1.0,0.0,0.0,0.2,0.0,0.0,0.3535,nan,nan,-1.1117
NW_006803991.1,1500001,2250000,1911028,30,3.0,3.0,3.0,0.0,1.0,1.0,0.0,0.3556,0.2,0.0,0.3535,0.3535,nan,0.015,-1.1117
NW_006803991.1,3000001,3750000,3363986,40,6.0,6.0,6.0,0.0,0.0,2.0,0.0,0.0,0.4,0.0,0.0,0.707,nan,nan,-1.4009
NW_006803991.1,3750001,4500000,4122069,57,4.0,4.0,4.0,4.0,0.0,0.0,1.6889,0.0,0.0,1.4139,0.0,0.0,0.7466,nan,nan
NW_006803991.1,4500001,5250000,4861133,38,5.0,5.0,5.0,0.0,0.0,5.0,0.0,0.0,1.0,0.0,0.0,1.7674,nan,nan,-1.7411
NW_006803992.1,1,750000,366163,31,3.0,3.0,3.0,0.0,0.0,2.0,0.0,0.0,0.4,0.0,0.0,0.707,nan,nan,-1.4009
NW_006803992.1,1500001,2250000,1889392,38,1.0,1.0,1.0,0.0,0.0,1.0,0.0,0.0,0.3556,0.0,0.0,0.3535,nan,nan,0.015
NW_006803992.1,4500001,5250000,4890867,33,0.0,0.0,0.0,nan,nan,nan,nan,nan,nan,nan,nan,nan,nan,nan,nan
NW_006803993.1,750001,1500000,1095806,36,1.0,1.0,1.0,0.0,0.0,0.0,0.0,0.0,0.0,0.0,0.0,0.0,nan,nan,nan
NW_006803993.1,2250001,3000000,2614099,39,1.0,1.0,1.0,0.0,0.0,0.0,0.0,0.0,0.0,0.0,0.0,0.0,nan,nan,nan
NW_006803993.1,3000001,3750000,3405620,35,1.0,1.0,1.0,1.0,0.0,0.0,0.2,0.0,0.0,0.3535,0.0,0.0,-1.1117,nan,nan
NW_006803993.1,3750001,4500000,4160944,44,2.0,2.0,2.0,1.0,1.0,0.0,0.4667,0.2,0.0,0.3535,0.3535,0.0,0.8198,-1.1117,nan
NW_006803994.1,1,750000,334753,30,3.0,3.0,3.0,2.0,0.0,1.0,0.7556,0.0,0.2,0.707,0.0,0.3535,0.2217,nan,-1.1117
NW_006803994.1,1500001,2250000,1861920,35,3.0,3.0,3.0,0.0,0.0,3.0,0.0,0.0,1.0222,0.0,0.0,1.0605,nan,nan,-0.1297
NW_006803995.1,1,750000,312762,30,1.0,1.0,1.0,1.0,0.0,0.0,0.2,0.0,0.0,0.3535,0.0,0.0,-1.1117,nan,nan
NW_006803995.1,750001,1500000,1167326,33,6.0,6.0,6.0,1.0,0.0,2.0,0.3556,0.0,0.7111,0.3535,0.0,0.707,0.015,nan,0.0189
NW_006803995.1,1500001,2250000,1819928,31,2.0,2.0,2.0,0.0,0.0,1.0,0.0,0.0,0.3556,0.0,0.0,0.3535,nan,nan,0.015
NW_006803995.1,3000001,3750000,3441048,37,0.0,0.0,0.0,nan,nan,nan,nan,nan,nan,nan,nan,nan,nan,nan,nan
NW_006803995.1,3750001,4500000,4117483,34,0.0,0.0,0.0,nan,nan,nan,nan,nan,nan,nan,nan,nan,nan,nan,nan
NW_006803995.1,4500001,5250000,4818462,34,4.0,4.0,4.0,2.0,0.0,2.0,0.5556,0.0,0.6667,0.707,0.0,0.707,-0.691,nan,-0.1839
NW_006803996.1,1,750000,449241,31,0.0,0.0,0.0,nan,nan,nan,nan,nan,nan,nan,nan,nan,nan,nan,nan
NW_006803996.1,750001,1500000,1135693,30,3.0,3.0,3.0,0.0,0.0,2.0,0.0,0.0,0.8889,0.0,0.0,0.707,nan,nan,0.8302
NW_006803996.1,2250001,3000000,2604747,45,3.0,3.0,3.0,0.0,1.0,0.0,0.0,0.2,0.0,0.0,0.3535,0.0,nan,-1.1117,nan
NW_006803996.1,3000001,3750000,3399956,34,2.0,2.0,2.0,2.0,0.0,0.0,0.5556,0.0,0.0,0.707,0.0,0.0,-0.691,nan,nan
NW_006803998.1,750001,1500000,1139064,34,1.0,1.0,1.0,1.0,0.0,0.0,0.3556,0.0,0.0,0.3535,0.0,0.0,0.015,nan,nan
NW_006803998.1,1500001,2250000,1819635,38,4.0,4.0,4.0,0.0,1.0,2.0,0.0,0.3556,0.4,0.0,0.3535,0.707,nan,0.015,-1.4009
NW_006803998.1,3750001,4500000,4169379,32,2.0,2.0,2.0,0.0,1.0,0.0,0.0,0.2,0.0,0.0,0.3535,0.0,nan,-1.1117,nan
NW_006803999.1,1,750000,391054,33,2.0,2.0,2.0,1.0,1.0,0.0,0.5333,0.3556,0.0,0.3535,0.3535,0.0,1.3027,0.015,nan
NW_006803999.1,1500001,2250000,1813534,33,4.0,4.0,4.0,0.0,2.0,1.0,0.0,0.5556,0.2,0.0,0.707,0.3535,nan,-0.691,-1.1117
NW_006803999.1,2250001,3000000,2593367,43,5.0,5.0,5.0,3.0,2.0,2.0,1.3556,1.0,0.4,1.0605,0.707,0.707,1.0012,1.3372,-1.4009
NW_006803999.1,3000001,3750000,3371971,42,1.0,1.0,1.0,0.0,0.0,0.0,0.0,0.0,0.0,0.0,0.0,0.0,nan,nan,nan
NW_006803999.1,4500001,5250000,4887180,42,2.0,2.0,2.0,1.0,1.0,0.0,0.4667,0.5556,0.0,0.3535,0.3535,0.0,0.8198,1.4636,nan
NW_006804000.1,1,750000,308467,34,4.0,4.0,4.0,1.0,1.0,1.0,0.2,0.5556,0.2,0.3535,0.3535,0.3535,-1.1117,1.4636,-1.1117
NW_006804000.1,750001,1500000,1129653,35,4.0,4.0,4.0,0.0,2.0,0.0,0.0,0.6667,0.0,0.0,0.707,0.0,nan,-0.1839,nan
NW_006804001.1,1500001,2250000,1839386,30,3.0,3.0,3.0,0.0,1.0,2.0,0.0,0.3556,0.8222,0.0,0.3535,0.707,nan,0.015,0.5259
NW_006804002.1,1500001,2250000,1901590,30,1.0,1.0,1.0,0.0,0.0,1.0,0.0,0.0,0.2,0.0,0.0,0.3535,nan,nan,-1.1117
NW_006804002.1,3000001,3750000,3341924,31,3.0,3.0,3.0,0.0,1.0,0.0,0.0,0.4667,0.0,0.0,0.3535,0.0,nan,0.8198,nan
NW_006804002.1,3750001,4500000,4131286,37,3.0,3.0,3.0,1.0,1.0,1.0,0.3556,0.2,0.3556,0.3535,0.3535,0.3535,0.015,-1.1117,0.015
NW_006804002.1,4500001,5250000,4921024,31,2.0,2.0,2.0,2.0,0.0,0.0,1.0,0.0,0.0,0.707,0.0,0.0,1.3372,nan,nan
NW_006804003.1,750001,1500000,1115496,37,7.0,7.0,7.0,1.0,3.0,2.0,0.3556,0.9333,0.5556,0.3535,1.0605,0.707,0.015,-0.4313,-0.691
NW_006804003.1,1500001,2250000,1896246,35,3.0,3.0,3.0,2.0,3.0,1.0,0.5556,1.0667,0.3556,0.707,1.0605,0.3535,-0.691,0.0211,0.015
NW_006804003.1,2250001,3000000,2599481,44,3.0,3.0,3.0,0.0,1.0,1.0,0.0,0.2,0.3556,0.0,0.3535,0.3535,nan,-1.1117,0.015
NW_006804003.1,3750001,4500000,4093575,39,4.0,4.0,4.0,2.0,1.0,0.0,0.5556,0.5333,0.0,0.707,0.3535,0.0,-0.691,1.3027,nan
NW_006804004.1,750001,1500000,1142769,36,4.0,4.0,4.0,1.0,2.0,1.0,0.5556,1.0889,0.2,0.3535,0.707,0.3535,1.4636,1.7429,-1.1117
NW_006804004.1,1500001,2250000,1866222,32,1.0,1.0,1.0,0.0,0.0,0.0,0.0,0.0,0.0,0.0,0.0,0.0,nan,nan,nan
NW_006804004.1,2250001,3000000,2608311,33,1.0,1.0,1.0,1.0,0.0,0.0,0.3556,0.0,0.0,0.3535,0.0,0.0,0.015,nan,nan
NW_006804004.1,3750001,4500000,4112598,35,2.0,2.0,2.0,1.0,0.0,1.0,0.2,0.0,0.2,0.3535,0.0,0.3535,-1.1117,nan,-1.1117
NW_006804004.1,4500001,5250000,4902197,36,4.0,4.0,4.0,2.0,2.0,2.0,0.5556,0.7333,0.5556,0.707,0.707,0.707,-0.691,0.1203,-0.691
NW_006804005.1,1,750000,384447,37,4.0,4.0,4.0,1.0,0.0,1.0,0.2,0.0,0.3556,0.3535,0.0,0.3535,-1.1117,nan,0.015
NW_006804005.1,750001,1500000,1077920,32,2.0,2.0,2.0,2.0,0.0,0.0,0.7556,0.0,0.0,0.707,0.0,0.0,0.2217,nan,nan
NW_006804005.1,1500001,2250000,1949423,31,5.0,5.0,5.0,2.0,2.0,0.0,0.5556,0.8889,0.0,0.707,0.707,0.0,-0.691,0.8302,nan
NW_006804005.1,2250001,3000000,2628152,39,4.0,4.0,4.0,2.0,0.0,0.0,0.5556,0.0,0.0,0.707,0.0,0.0,-0.691,nan,nan
NW_006804005.1,3750001,4500000,4182990,40,3.0,3.0,3.0,1.0,0.0,1.0,0.3556,0.0,0.2,0.3535,0.0,0.3535,0.015,nan,-1.1117
NW_006804005.1,4500001,5250000,4962452,40,3.0,3.0,3.0,1.0,1.0,1.0,0.3556,0.2,0.2,0.3535,0.3535,0.3535,0.015,-1.1117,-1.1117
NW_006804006.1,750001,1500000,1106000,31,4.0,4.0,4.0,0.0,1.0,0.0,0.0,0.5333,0.0,0.0,0.3535,0.0,nan,1.3027,nan
NW_006804006.1,1500001,2250000,1849009,36,3.0,3.0,3.0,1.0,0.0,0.0,0.4667,0.0,0.0,0.3535,0.0,0.0,0.8198,nan,nan
NW_006804006.1,2250001,3000000,2625735,32,1.0,1.0,1.0,1.0,0.0,0.0,0.3556,0.0,0.0,0.3535,0.0,0.0,0.015,nan,nan
NW_006804006.1,3000001,3750000,3381355,39,1.0,1.0,1.0,1.0,0.0,0.0,0.4667,0.0,0.0,0.3535,0.0,0.0,0.8198,nan,nan
NW_006804006.1,3750001,4500000,4190230,35,4.0,4.0,4.0,2.0,1.0,1.0,0.4,0.3556,0.2,0.707,0.3535,0.3535,-1.4009,0.015,-1.1117
NW_006804006.1,4500001,5250000,4898430,31,5.0,5.0,5.0,2.0,0.0,1.0,0.4,0.0,0.2,0.707,0.0,0.3535,-1.4009,nan,-1.1117
NW_006804007.1,1,750000,338441,37,4.0,4.0,4.0,2.0,2.0,0.0,1.0889,0.6667,0.0,0.707,0.707,0.0,1.7429,-0.1839,nan
NW_006804007.1,1500001,2250000,1805876,33,1.0,1.0,1.0,1.0,0.0,0.0,0.2,0.0,0.0,0.3535,0.0,0.0,-1.1117,nan,nan
NW_006804007.1,3750001,4500000,4121742,38,5.0,5.0,5.0,0.0,1.0,2.0,0.0,0.2,0.5556,0.0,0.3535,0.707,nan,-1.1117,-0.691
NW_006804007.1,4500001,5250000,4916669,39,2.0,2.0,2.0,1.0,0.0,0.0,0.5333,0.0,0.0,0.3535,0.0,0.0,1.3027,nan,nan
NW_006804008.1,1,750000,382021,36,1.0,1.0,1.0,0.0,0.0,1.0,0.0,0.0,0.5333,0.0,0.0,0.3535,nan,nan,1.3027
NW_006804008.1,750001,1500000,1131387,41,1.0,1.0,1.0,0.0,0.0,0.0,0.0,0.0,0.0,0.0,0.0,0.0,nan,nan,nan
NW_006804008.1,2250001,3000000,2647595,33,3.0,3.0,3.0,2.0,0.0,1.0,0.4,0.0,0.5333,0.707,0.0,0.3535,-1.4009,nan,1.3027
NW_006804008.1,3750001,4500000,4155599,36,3.0,3.0,3.0,0.0,1.0,1.0,0.0,0.3556,0.2,0.0,0.3535,0.3535,nan,0.015,-1.1117
NW_006804008.1,4500001,5250000,4844944,32,1.0,1.0,1.0,1.0,0.0,0.0,0.3556,0.0,0.0,0.3535,0.0,0.0,0.015,nan,nan
NW_006804009.1,750001,1500000,1103632,30,3.0,3.0,3.0,2.0,0.0,1.0,0.8222,0.0,0.5556,0.707,0.0,0.3535,0.5259,nan,1.4636
NW_006804009.1,1500001,2250000,1937069,38,5.0,5.0,5.0,2.0,0.0,0.0,0.5556,0.0,0.0,0.707,0.0,0.0,-0.691,nan,nan
NW_006804009.1,3000001,3750000,3244928,30,5.0,5.0,5.0,0.0,1.0,1.0,0.0,0.2,0.2,0.0,0.3535,0.3535,nan,-1.1117,-1.1117
NW_006804009.1,3750001,4500000,4108649,34,6.0,6.0,6.0,2.0,2.0,1.0,0.4,0.7333,0.3556,0.707,0.707,0.3535,-1.4009,0.1203,0.015
NW_006804010.1,1,750000,335826,44,1.0,1.0,1.0,0.0,0.0,0.0,0.0,0.0,0.0,0.0,0.0,0.0,nan,nan,nan
NW_006804010.1,2250001,3000000,2665957,31,3.0,3.0,3.0,0.0,0.0,0.0,0.0,0.0,0.0,0.0,0.0,0.0,nan,nan,nan
NW_006804010.1,3000001,3750000,3404483,36,1.0,1.0,1.0,0.0,0.0,0.0,0.0,0.0,0.0,0.0,0.0,0.0,nan,nan,nan
NW_006804010.1,3750001,4500000,4178013,32,2.0,2.0,2.0,1.0,1.0,0.0,0.2,0.2,0.0,0.3535,0.3535,0.0,-1.1117,-1.1117,nan
NW_006804011.1,750001,1500000,1131083,39,0.0,0.0,0.0,nan,nan,nan,nan,nan,nan,nan,nan,nan,nan,nan,nan
NW_006804011.1,1500001,2250000,1899100,36,4.0,4.0,4.0,1.0,0.0,0.0,0.5333,0.0,0.0,0.3535,0.0,0.0,1.3027,nan,nan
NW_006804011.1,3000001,3750000,3377056,40,5.0,5.0,5.0,2.0,0.0,1.0,0.8222,0.0,0.4667,0.707,0.0,0.3535,0.5259,nan,0.8198
NW_006804011.1,3750001,4500000,4058899,39,4.0,4.0,4.0,3.0,0.0,2.0,1.0667,0.0,0.5556,1.0605,0.0,0.707,0.0211,nan,-0.691
NW_006804012.1,1500001,2250000,1885515,36,2.0,2.0,2.0,1.0,0.0,0.0,0.3556,0.0,0.0,0.3535,0.0,0.0,0.015,nan,nan
NW_006804012.1,2250001,3000000,2667169,34,3.0,3.0,3.0,1.0,0.0,0.0,0.2,0.0,0.0,0.3535,0.0,0.0,-1.1117,nan,nan
NW_006804012.1,4500001,5250000,4870809,35,3.0,3.0,3.0,0.0,2.0,0.0,0.0,0.6667,0.0,0.0,0.707,0.0,nan,-0.1839,nan
NW_006804013.1,1500001,2250000,1902555,32,3.0,3.0,3.0,1.0,2.0,1.0,0.5556,0.9111,0.5556,0.3535,0.707,0.3535,1.4636,0.9316,1.4636
NW_006804013.1,2250001,3000000,2621842,33,2.0,2.0,2.0,0.0,1.0,1.0,0.0,0.2,0.2,0.0,0.3535,0.3535,nan,-1.1117,-1.1117
NW_006804015.1,750001,1500000,1138145,34,3.0,3.0,3.0,2.0,1.0,0.0,0.7333,0.2,0.0,0.707,0.3535,0.0,0.1203,-1.1117,nan
NW_006804015.1,1500001,2250000,1889802,31,1.0,1.0,1.0,0.0,0.0,0.0,0.0,0.0,0.0,0.0,0.0,0.0,nan,nan,nan
NW_006804015.1,3000001,3750000,3354798,42,2.0,2.0,2.0,1.0,1.0,0.0,0.2,0.2,0.0,0.3535,0.3535,0.0,-1.1117,-1.1117,nan
NW_006804015.1,3750001,4500000,4123290,34,5.0,5.0,5.0,0.0,2.0,3.0,0.0,0.4,1.1333,0.0,0.707,1.0605,nan,-1.4009,0.2473
NW_006804015.1,4500001,5250000,4866088,47,4.0,4.0,4.0,2.0,0.0,1.0,0.5556,0.0,0.2,0.707,0.0,0.3535,-0.691,nan,-1.1117
NW_006804016.1,1,750000,378824,34,7.0,7.0,7.0,4.0,5.0,2.0,1.8,1.7111,0.9111,1.4139,1.7674,0.707,1.0483,-0.1278,0.9316
NW_006804016.1,750001,1500000,1106860,35,5.0,5.0,5.0,2.0,2.0,0.0,0.5556,1.0889,0.0,0.707,0.707,0.0,-0.691,1.7429,nan
NW_006804016.1,1500001,2250000,1898407,34,3.0,3.0,3.0,0.0,0.0,1.0,0.0,0.0,0.2,0.0,0.0,0.3535,nan,nan,-1.1117
NW_006804016.1,2250001,3000000,2635827,38,6.0,6.0,6.0,3.0,2.0,1.0,1.2889,0.4,0.4667,1.0605,0.707,0.3535,0.775,-1.4009,0.8198
NW_006804016.1,3000001,3750000,3305067,33,2.0,2.0,2.0,1.0,1.0,0.0,0.5333,0.3556,0.0,0.3535,0.3535,0.0,1.3027,0.015,nan
NW_006804016.1,3750001,4500000,4118060,34,2.0,2.0,2.0,1.0,0.0,1.0,0.2,0.0,0.3556,0.3535,0.0,0.3535,-1.1117,nan,0.015
NW_006804016.1,4500001,5250000,4817646,30,3.0,3.0,3.0,1.0,0.0,2.0,0.2,0.0,0.5556,0.3535,0.0,0.707,-1.1117,nan,-0.691
NW_006804017.1,750001,1500000,1148443,31,2.0,2.0,2.0,0.0,0.0,1.0,0.0,0.0,0.2,0.0,0.0,0.3535,nan,nan,-1.1117
NW_006804017.1,4500001,5250000,4905143,41,4.0,4.0,4.0,2.0,0.0,1.0,0.4,0.0,0.3556,0.707,0.0,0.3535,-1.4009,nan,0.015
NW_006804018.1,1,750000,385407,30,2.0,2.0,2.0,1.0,0.0,0.0,0.3556,0.0,0.0,0.3535,0.0,0.0,0.015,nan,nan
NW_006804018.1,750001,1500000,1137789,33,4.0,4.0,4.0,1.0,1.0,1.0,0.5333,0.3556,0.3556,0.3535,0.3535,0.3535,1.3027,0.015,0.015
NW_006804018.1,1500001,2250000,1930467,34,0.0,0.0,0.0,nan,nan,nan,nan,nan,nan,nan,nan,nan,nan,nan,nan
NW_006804018.1,3750001,4500000,4149863,32,2.0,2.0,2.0,0.0,1.0,0.0,0.0,0.2,0.0,0.0,0.3535,0.0,nan,-1.1117,nan
NW_006804019.1,1,750000,369340,32,2.0,2.0,2.0,0.0,0.0,1.0,0.0,0.0,0.2,0.0,0.0,0.3535,nan,nan,-1.1117
NW_006804019.1,750001,1500000,1136981,35,3.0,3.0,3.0,1.0,0.0,0.0,0.3556,0.0,0.0,0.3535,0.0,0.0,0.015,nan,nan
NW_006804019.1,1500001,2250000,1900453,32,4.0,4.0,4.0,1.0,0.0,1.0,0.4667,0.0,0.2,0.3535,0.0,0.3535,0.8198,nan,-1.1117
NW_006804019.1,3000001,3750000,3405750,30,1.0,1.0,1.0,0.0,0.0,1.0,0.0,0.0,0.2,0.0,0.0,0.3535,nan,nan,-1.1117
NW_006804020.1,750001,1500000,1136706,30,1.0,1.0,1.0,0.0,1.0,0.0,0.0,0.2,0.0,0.0,0.3535,0.0,nan,-1.1117,nan
NW_006804020.1,1500001,2250000,1816621,34,4.0,4.0,4.0,1.0,0.0,1.0,0.2,0.0,0.2,0.3535,0.0,0.3535,-1.1117,nan,-1.1117
NW_006804020.1,3000001,3750000,3376410,31,1.0,1.0,1.0,1.0,0.0,0.0,0.3556,0.0,0.0,0.3535,0.0,0.0,0.015,nan,nan
NW_006804021.1,1,750000,413221,40,1.0,1.0,1.0,0.0,1.0,0.0,0.0,0.3556,0.0,0.0,0.3535,0.0,nan,0.015,nan
NW_006804021.1,750001,1500000,1155633,31,2.0,2.0,2.0,0.0,0.0,0.0,0.0,0.0,0.0,0.0,0.0,0.0,nan,nan,nan
NW_006804021.1,1500001,2250000,1829898,45,2.0,2.0,2.0,0.0,1.0,1.0,0.0,0.2,0.3556,0.0,0.3535,0.3535,nan,-1.1117,0.015
NW_006804021.1,2250001,3000000,2584313,42,0.0,0.0,0.0,nan,nan,nan,nan,nan,nan,nan,nan,nan,nan,nan,nan
NW_006804021.1,3750001,4500000,4103731,43,3.0,3.0,3.0,2.0,0.0,0.0,0.7111,0.0,0.0,0.707,0.0,0.0,0.0189,nan,nan
NW_006804022.1,1500001,2250000,1898873,31,3.0,3.0,3.0,1.0,0.0,1.0,0.3556,0.0,0.2,0.3535,0.0,0.3535,0.015,nan,-1.1117
NW_006804022.1,3000001,3750000,3400407,34,4.0,4.0,4.0,3.0,1.0,0.0,1.0889,0.2,0.0,1.0605,0.3535,0.0,0.0965,-1.1117,nan
NW_006804023.1,1,750000,376204,40,2.0,2.0,2.0,1.0,1.0,2.0,0.5333,0.2,0.6667,0.3535,0.3535,0.707,1.3027,-1.1117,-0.1839
NW_006804023.1,750001,1500000,1132800,56,4.0,4.0,4.0,1.0,1.0,2.0,0.5333,0.2,0.8889,0.3535,0.3535,0.707,1.3027,-1.1117,0.8302
NW_006804023.1,2250001,3000000,2642906,39,0.0,0.0,0.0,nan,nan,nan,nan,nan,nan,nan,nan,nan,nan,nan,nan
NW_006804023.1,3000001,3750000,3381715,37,2.0,2.0,2.0,2.0,1.0,1.0,1.0222,0.5333,0.5556,0.707,0.3535,0.3535,1.4386,1.3027,1.4636
NW_006804023.1,3750001,4500000,4165168,40,4.0,4.0,4.0,0.0,0.0,0.0,0.0,0.0,0.0,0.0,0.0,0.0,nan,nan,nan
NW_006804024.1,1,750000,442093,31,2.0,2.0,2.0,0.0,0.0,2.0,0.0,0.0,1.0,0.0,0.0,0.707,nan,nan,1.3372
NW_006804024.1,750001,1500000,1103451,30,1.0,1.0,1.0,0.0,0.0,0.0,0.0,0.0,0.0,0.0,0.0,0.0,nan,nan,nan
NW_006804024.1,2250001,3000000,2594823,34,1.0,1.0,1.0,0.0,0.0,0.0,0.0,0.0,0.0,0.0,0.0,0.0,nan,nan,nan
NW_006804024.1,3750001,4500000,4130510,30,3.0,3.0,3.0,2.0,0.0,0.0,0.7556,0.0,0.0,0.707,0.0,0.0,0.2217,nan,nan
NW_006804026.1,1,750000,348539,30,2.0,2.0,2.0,0.0,0.0,1.0,0.0,0.0,0.5333,0.0,0.0,0.3535,nan,nan,1.3027
NW_006804026.1,2250001,3000000,2646130,32,2.0,2.0,2.0,0.0,0.0,2.0,0.0,0.0,0.6667,0.0,0.0,0.707,nan,nan,-0.1839
NW_006804026.1,3000001,3750000,3335121,31,3.0,3.0,3.0,0.0,0.0,0.0,0.0,0.0,0.0,0.0,0.0,0.0,nan,nan,nan
NW_006804026.1,3750001,4500000,4153088,31,3.0,3.0,3.0,1.0,1.0,0.0,0.4667,0.2,0.0,0.3535,0.3535,0.0,0.8198,-1.1117,nan
NW_006804027.1,1500001,2250000,1919882,32,1.0,1.0,1.0,0.0,0.0,1.0,0.0,0.0,0.2,0.0,0.0,0.3535,nan,nan,-1.1117
NW_006804027.1,3750001,4500000,4137930,42,5.0,5.0,5.0,2.0,0.0,3.0,0.6667,0.0,0.9111,0.707,0.0,1.0605,-0.1839,nan,-0.5067
NW_006804028.1,1,750000,386768,32,3.0,3.0,3.0,0.0,1.0,1.0,0.0,0.2,0.5556,0.0,0.3535,0.3535,nan,-1.1117,1.4636
NW_006804028.1,750001,1500000,1136098,38,4.0,4.0,4.0,1.0,1.0,0.0,0.5333,0.3556,0.0,0.3535,0.3535,0.0,1.3027,0.015,nan
NW_006804028.1,2250001,3000000,2629632,30,1.0,1.0,1.0,1.0,0.0,1.0,0.2,0.0,0.2,0.3535,0.0,0.3535,-1.1117,nan,-1.1117
NW_006804028.1,3000001,3750000,3354597,39,3.0,3.0,3.0,1.0,0.0,1.0,0.4667,0.0,0.2,0.3535,0.0,0.3535,0.8198,nan,-1.1117
NW_006804028.1,3750001,4500000,4129070,38,5.0,5.0,5.0,2.0,2.0,0.0,0.8889,0.7333,0.0,0.707,0.707,0.0,0.8302,0.1203,nan
NW_006804029.1,1,750000,373820,38,1.0,1.0,1.0,0.0,0.0,0.0,0.0,0.0,0.0,0.0,0.0,0.0,nan,nan,nan
NW_006804029.1,750001,1500000,1073199,39,2.0,2.0,2.0,0.0,0.0,1.0,0.0,0.0,0.2,0.0,0.0,0.3535,nan,nan,-1.1117
NW_006804029.1,2250001,3000000,2653198,34,3.0,3.0,3.0,1.0,1.0,0.0,0.2,0.5333,0.0,0.3535,0.3535,0.0,-1.1117,1.3027,nan
NW_006804030.1,1,750000,391339,36,4.0,4.0,4.0,2.0,0.0,0.0,0.4,0.0,0.0,0.707,0.0,0.0,-1.4009,nan,nan
NW_006804030.1,750001,1500000,1082155,34,4.0,4.0,4.0,2.0,0.0,1.0,0.4,0.0,0.4667,0.707,0.0,0.3535,-1.4009,nan,0.8198
NW_006804030.1,3000001,3750000,3373106,30,0.0,0.0,0.0,nan,nan,nan,nan,nan,nan,nan,nan,nan,nan,nan,nan
NW_006804031.1,750001,1500000,1146010,33,2.0,2.0,2.0,2.0,0.0,0.0,1.0,0.0,0.0,0.707,0.0,0.0,1.3372,nan,nan
NW_006804031.1,1500001,2250000,1856032,34,4.0,4.0,4.0,3.0,0.0,0.0,0.7556,0.0,0.0,1.0605,0.0,0.0,-1.0345,nan,nan
NW_006804031.1,2250001,3000000,2576372,31,3.0,3.0,3.0,1.0,1.0,2.0,0.2,0.2,0.5556,0.3535,0.3535,0.707,-1.1117,-1.1117,-0.691
NW_006804032.1,1500001,2250000,1862273,42,4.0,4.0,4.0,3.0,0.0,1.0,1.4667,0.0,0.3556,1.0605,0.0,0.3535,1.3782,nan,0.015
NW_006804032.1,3750001,4500000,4184419,43,4.0,4.0,4.0,1.0,1.0,0.0,0.3556,0.2,0.0,0.3535,0.3535,0.0,0.015,-1.1117,nan
NW_006804033.1,1,750000,400446,35,2.0,2.0,2.0,1.0,1.0,0.0,0.2,0.2,0.0,0.3535,0.3535,0.0,-1.1117,-1.1117,nan
NW_006804033.1,750001,1500000,1075488,43,3.0,3.0,3.0,1.0,0.0,3.0,0.3556,0.0,0.6,0.3535,0.0,1.0605,0.015,nan,-1.5622
NW_006804033.1,1500001,2250000,1883297,32,1.0,1.0,1.0,0.0,1.0,0.0,0.0,0.2,0.0,0.0,0.3535,0.0,nan,-1.1117,nan
NW_006804033.1,2250001,3000000,2638914,34,2.0,2.0,2.0,0.0,1.0,0.0,0.0,0.3556,0.0,0.0,0.3535,0.0,nan,0.015,nan
NW_006804033.1,3750001,4500000,4133481,39,4.0,4.0,4.0,2.0,0.0,1.0,0.5556,0.0,0.2,0.707,0.0,0.3535,-0.691,nan,-1.1117
NW_006804034.1,1,750000,394029,34,2.0,2.0,2.0,0.0,1.0,1.0,0.0,0.4667,0.2,0.0,0.3535,0.3535,nan,0.8198,-1.1117
NW_006804034.1,750001,1500000,1098507,35,2.0,2.0,2.0,1.0,0.0,0.0,0.3556,0.0,0.0,0.3535,0.0,0.0,0.015,nan,nan
NW_006804034.1,1500001,2250000,1899098,34,4.0,4.0,4.0,2.0,1.0,3.0,0.7111,0.2,0.6,0.707,0.3535,1.0605,0.0189,-1.1117,-1.5622
NW_006804034.1,2250001,3000000,2641830,32,4.0,4.0,4.0,1.0,2.0,1.0,0.2,0.4,0.3556,0.3535,0.707,0.3535,-1.1117,-1.4009,0.015
NW_006804034.1,3750001,4500000,4139981,31,4.0,4.0,4.0,0.0,0.0,0.0,0.0,0.0,0.0,0.0,0.0,0.0,nan,nan,nan
NW_006804035.1,3750001,4500000,4072921,34,3.0,3.0,3.0,1.0,0.0,1.0,0.2,0.0,0.3556,0.3535,0.0,0.3535,-1.1117,nan,0.015
NW_006804036.1,1500001,2250000,1908989,35,1.0,1.0,1.0,0.0,0.0,0.0,0.0,0.0,0.0,0.0,0.0,0.0,nan,nan,nan
NW_006804036.1,3000001,3750000,3415521,32,2.0,2.0,2.0,0.0,0.0,0.0,0.0,0.0,0.0,0.0,0.0,0.0,nan,nan,nan
NW_006804038.1,2250001,3000000,2601136,31,0.0,0.0,0.0,nan,nan,nan,nan,nan,nan,nan,nan,nan,nan,nan,nan
NW_006804038.1,3000001,3750000,3407158,35,4.0,4.0,4.0,1.0,1.0,1.0,0.5333,0.2,0.3556,0.3535,0.3535,0.3535,1.3027,-1.1117,0.015
NW_006804039.1,1,750000,348505,34,4.0,4.0,4.0,3.0,0.0,1.0,1.2222,0.0,0.3556,1.0605,0.0,0.3535,0.5488,nan,0.015
NW_006804040.1,1500001,2250000,1908826,31,2.0,2.0,2.0,0.0,1.0,0.0,0.0,0.2,0.0,0.0,0.3535,0.0,nan,-1.1117,nan
NW_006804040.1,2250001,3000000,2605808,34,2.0,2.0,2.0,0.0,0.0,1.0,0.0,0.0,0.2,0.0,0.0,0.3535,nan,nan,-1.1117
NW_006804040.1,3000001,3750000,3410305,34,6.0,6.0,6.0,2.0,0.0,1.0,0.5556,0.0,0.3556,0.707,0.0,0.3535,-0.691,nan,0.015
NW_006804040.1,3750001,4500000,4092262,49,4.0,4.0,4.0,0.0,1.0,2.0,0.0,0.2,0.4,0.0,0.3535,0.707,nan,-1.1117,-1.4009
NW_006804041.1,4500001,5250000,4835049,31,4.0,4.0,4.0,1.0,0.0,3.0,0.2,0.0,1.5333,0.3535,0.0,1.0605,-1.1117,nan,1.6044
NW_006804042.1,1,750000,389165,32,3.0,3.0,3.0,2.0,0.0,0.0,0.5556,0.0,0.0,0.707,0.0,0.0,-0.691,nan,nan
NW_006804042.1,1500001,2250000,1825171,34,1.0,1.0,1.0,0.0,0.0,0.0,0.0,0.0,0.0,0.0,0.0,0.0,nan,nan,nan
NW_006804042.1,2250001,3000000,2644746,37,3.0,3.0,3.0,1.0,0.0,1.0,0.3556,0.0,0.3556,0.3535,0.0,0.3535,0.015,nan,0.015
NW_006804042.1,3000001,3750000,3351154,35,2.0,2.0,2.0,0.0,1.0,1.0,0.0,0.2,0.3556,0.0,0.3535,0.3535,nan,-1.1117,0.015
NW_006804043.1,750001,1500000,1121969,40,2.0,2.0,2.0,0.0,0.0,2.0,0.0,0.0,0.6667,0.0,0.0,0.707,nan,nan,-0.1839
NW_006804043.1,1500001,2250000,1896780,33,2.0,2.0,2.0,0.0,1.0,0.0,0.0,0.5333,0.0,0.0,0.3535,0.0,nan,1.3027,nan
NW_006804043.1,2250001,3000000,2577683,32,1.0,1.0,1.0,0.0,0.0,1.0,0.0,0.0,0.5333,0.0,0.0,0.3535,nan,nan,1.3027
NW_006804043.1,3750001,4500000,4142318,30,1.0,1.0,1.0,0.0,0.0,0.0,0.0,0.0,0.0,0.0,0.0,0.0,nan,nan,nan
NW_006804044.1,1,750000,345523,36,3.0,3.0,3.0,0.0,1.0,0.0,0.0,0.2,0.0,0.0,0.3535,0.0,nan,-1.1117,nan
NW_006804044.1,3000001,3750000,3344897,38,3.0,3.0,3.0,1.0,1.0,0.0,0.3556,0.2,0.0,0.3535,0.3535,0.0,0.015,-1.1117,nan
NW_006804044.1,3750001,4500000,4110060,33,1.0,1.0,1.0,1.0,0.0,0.0,0.2,0.0,0.0,0.3535,0.0,0.0,-1.1117,nan,nan
NW_006804045.1,1500001,2250000,1861635,30,2.0,2.0,2.0,1.0,0.0,0.0,0.4667,0.0,0.0,0.3535,0.0,0.0,0.8198,nan,nan
NW_006804045.1,2250001,3000000,2586986,34,4.0,4.0,4.0,0.0,0.0,2.0,0.0,0.0,0.4,0.0,0.0,0.707,nan,nan,-1.4009
NW_006804045.1,3000001,3750000,3363043,38,2.0,2.0,2.0,0.0,0.0,0.0,0.0,0.0,0.0,0.0,0.0,0.0,nan,nan,nan
NW_006804046.1,1,750000,354817,33,4.0,4.0,4.0,1.0,2.0,0.0,0.3556,0.4,0.0,0.3535,0.707,0.0,0.015,-1.4009,nan
NW_006804046.1,750001,1500000,1083295,40,2.0,2.0,2.0,0.0,1.0,0.0,0.0,0.2,0.0,0.0,0.3535,0.0,nan,-1.1117,nan
NW_006804046.1,1500001,2250000,1902942,30,2.0,2.0,2.0,0.0,0.0,1.0,0.0,0.0,0.2,0.0,0.0,0.3535,nan,nan,-1.1117
NW_006804046.1,2250001,3000000,2631021,31,1.0,1.0,1.0,0.0,0.0,1.0,0.0,0.0,0.2,0.0,0.0,0.3535,nan,nan,-1.1117
NW_006804046.1,3000001,3750000,3403636,30,1.0,1.0,1.0,1.0,0.0,0.0,0.2,0.0,0.0,0.3535,0.0,0.0,-1.1117,nan,nan
NW_006804047.1,1,750000,348154,35,2.0,2.0,2.0,2.0,0.0,0.0,0.5556,0.0,0.0,0.707,0.0,0.0,-0.691,nan,nan
NW_006804047.1,750001,1500000,1145063,36,6.0,6.0,6.0,4.0,0.0,0.0,1.6444,0.0,0.0,1.4139,0.0,0.0,0.6259,nan,nan
NW_006804047.1,1500001,2250000,1866687,52,6.0,6.0,6.0,1.0,1.0,0.0,0.5556,0.3556,0.0,0.3535,0.3535,0.0,1.4636,0.015,nan
NW_006804047.1,2250001,3000000,2648927,30,0.0,0.0,0.0,nan,nan,nan,nan,nan,nan,nan,nan,nan,nan,nan,nan
NW_006804047.1,3000001,3750000,3396935,37,0.0,0.0,0.0,nan,nan,nan,nan,nan,nan,nan,nan,nan,nan,nan,nan
NW_006804047.1,3750001,4500000,4158577,38,3.0,3.0,3.0,1.0,1.0,1.0,0.5333,0.3556,0.2,0.3535,0.3535,0.3535,1.3027,0.015,-1.1117
NW_006804048.1,750001,1500000,1198070,31,2.0,2.0,2.0,2.0,0.0,0.0,0.4,0.0,0.0,0.707,0.0,0.0,-1.4009,nan,nan
NW_006804048.1,2250001,3000000,2656605,32,1.0,1.0,1.0,1.0,0.0,0.0,0.3556,0.0,0.0,0.3535,0.0,0.0,0.015,nan,nan
NW_006804048.1,3000001,3750000,3431918,33,4.0,4.0,4.0,1.0,0.0,0.0,0.5333,0.0,0.0,0.3535,0.0,0.0,1.3027,nan,nan
NW_006804048.1,3750001,4500000,4060908,32,6.0,6.0,6.0,2.0,1.0,0.0,0.5556,0.2,0.0,0.707,0.3535,0.0,-0.691,-1.1117,nan
NW_006804049.1,1,750000,358720,45,1.0,1.0,1.0,1.0,0.0,0.0,0.3556,0.0,0.0,0.3535,0.0,0.0,0.015,nan,nan
NW_006804049.1,1500001,2250000,1855659,42,3.0,3.0,3.0,0.0,0.0,1.0,0.0,0.0,0.2,0.0,0.0,0.3535,nan,nan,-1.1117
NW_006804049.1,2250001,3000000,2618262,40,4.0,4.0,4.0,1.0,0.0,2.0,0.5333,0.0,0.8222,0.3535,0.0,0.707,1.3027,nan,0.5259
NW_006804049.1,3000001,3750000,3366499,32,1.0,1.0,1.0,0.0,0.0,0.0,0.0,0.0,0.0,0.0,0.0,0.0,nan,nan,nan
NW_006804049.1,3750001,4500000,4175138,31,2.0,2.0,2.0,0.0,0.0,0.0,0.0,0.0,0.0,0.0,0.0,0.0,nan,nan,nan
NW_006804050.1,1,750000,383370,30,3.0,3.0,3.0,3.0,0.0,0.0,0.8667,0.0,0.0,1.0605,0.0,0.0,-0.6575,nan,nan
NW_006804050.1,2250001,3000000,2610720,31,2.0,2.0,2.0,1.0,1.0,0.0,0.5333,0.3556,0.0,0.3535,0.3535,0.0,1.3027,0.015,nan
NW_006804050.1,3750001,4500000,4102538,35,4.0,4.0,4.0,1.0,1.0,3.0,0.3556,0.5333,0.7556,0.3535,0.3535,1.0605,0.015,1.3027,-1.0345
NW_006804051.1,1,750000,396356,38,1.0,1.0,1.0,1.0,0.0,0.0,0.3556,0.0,0.0,0.3535,0.0,0.0,0.015,nan,nan
NW_006804051.1,750001,1500000,1068750,39,4.0,4.0,4.0,1.0,1.0,1.0,0.3556,0.4667,0.5333,0.3535,0.3535,0.3535,0.015,0.8198,1.3027
NW_006804051.1,1500001,2250000,1864274,37,4.0,4.0,4.0,0.0,0.0,2.0,0.0,0.0,0.9111,0.0,0.0,0.707,nan,nan,0.9316
NW_006804051.1,2250001,3000000,2659689,32,1.0,1.0,1.0,0.0,0.0,0.0,0.0,0.0,0.0,0.0,0.0,0.0,nan,nan,nan
NW_006804051.1,3000001,3750000,3341330,33,1.0,1.0,1.0,0.0,0.0,0.0,0.0,0.0,0.0,0.0,0.0,0.0,nan,nan,nan
NW_006804051.1,3750001,4500000,4117421,39,4.0,4.0,4.0,0.0,0.0,2.0,0.0,0.0,0.4,0.0,0.0,0.707,nan,nan,-1.4009
NW_006804052.1,1,750000,386063,47,2.0,2.0,2.0,1.0,0.0,0.0,0.4667,0.0,0.0,0.3535,0.0,0.0,0.8198,nan,nan
NW_006804052.1,750001,1500000,1186764,37,3.0,3.0,3.0,0.0,1.0,1.0,0.0,0.3556,0.2,0.0,0.3535,0.3535,nan,0.015,-1.1117
NW_006804052.1,2250001,3000000,2624361,41,2.0,2.0,2.0,2.0,0.0,0.0,0.9111,0.0,0.0,0.707,0.0,0.0,0.9316,nan,nan
NW_006804052.1,3000001,3750000,3376420,35,1.0,1.0,1.0,0.0,0.0,1.0,0.0,0.0,0.2,0.0,0.0,0.3535,nan,nan,-1.1117
NW_006804053.1,750001,1500000,1088529,36,0.0,0.0,0.0,nan,nan,nan,nan,nan,nan,nan,nan,nan,nan,nan,nan
NW_006804053.1,1500001,2250000,1829645,35,2.0,2.0,2.0,1.0,0.0,1.0,0.2,0.0,0.2,0.3535,0.0,0.3535,-1.1117,nan,-1.1117
NW_006804053.1,2250001,3000000,2602643,33,2.0,2.0,2.0,2.0,1.0,0.0,1.0222,0.2,0.0,0.707,0.3535,0.0,1.4386,-1.1117,nan
NW_006804053.1,3000001,3750000,3355961,36,4.0,4.0,4.0,0.0,0.0,2.0,0.0,0.0,0.4,0.0,0.0,0.707,nan,nan,-1.4009
NW_006804053.1,3750001,4500000,4058616,32,1.0,1.0,1.0,1.0,0.0,0.0,0.3556,0.0,0.0,0.3535,0.0,0.0,0.015,nan,nan
NW_006804054.1,1500001,2250000,1936407,39,2.0,2.0,2.0,1.0,0.0,0.0,0.3556,0.0,0.0,0.3535,0.0,0.0,0.015,nan,nan
NW_006804054.1,3750001,4500000,4147167,32,4.0,4.0,4.0,2.0,2.0,1.0,0.7556,0.7556,0.2,0.707,0.707,0.3535,0.2217,0.2217,-1.1117
NW_006804055.1,1,750000,428262,35,3.0,3.0,3.0,2.0,0.0,1.0,0.4,0.0,0.4667,0.707,0.0,0.3535,-1.4009,nan,0.8198
NW_006804055.1,2250001,3000000,2648816,31,1.0,1.0,1.0,0.0,0.0,0.0,0.0,0.0,0.0,0.0,0.0,0.0,nan,nan,nan
NW_006804056.1,1,750000,302435,33,2.0,2.0,2.0,0.0,0.0,1.0,0.0,0.0,0.3556,0.0,0.0,0.3535,nan,nan,0.015
NW_006804056.1,2250001,3000000,2642252,38,1.0,1.0,1.0,0.0,1.0,1.0,0.0,0.3556,0.4667,0.0,0.3535,0.3535,nan,0.015,0.8198
NW_006804056.1,3000001,3750000,3394744,40,1.0,1.0,1.0,0.0,1.0,1.0,0.0,0.3556,0.4667,0.0,0.3535,0.3535,nan,0.015,0.8198
NW_006804057.1,3000001,3750000,3312997,32,5.0,5.0,5.0,0.0,2.0,2.0,0.0,0.7556,0.8222,0.0,0.707,0.707,nan,0.2217,0.5259
NW_006804058.1,1,750000,389875,33,4.0,4.0,4.0,2.0,0.0,0.0,0.5556,0.0,0.0,0.707,0.0,0.0,-0.691,nan,nan
NW_006804058.1,750001,1500000,1138628,35,6.0,6.0,6.0,0.0,2.0,0.0,0.0,0.8889,0.0,0.0,0.707,0.0,nan,0.8302,nan
NW_006804058.1,1500001,2250000,1870392,37,4.0,4.0,4.0,1.0,0.0,1.0,0.2,0.0,0.2,0.3535,0.0,0.3535,-1.1117,nan,-1.1117
NW_006804058.1,3000001,3750000,3374240,30,3.0,3.0,3.0,0.0,1.0,1.0,0.0,0.2,0.2,0.0,0.3535,0.3535,nan,-1.1117,-1.1117
NW_006804058.1,3750001,4500000,4106369,33,3.0,3.0,3.0,0.0,0.0,2.0,0.0,0.0,0.7556,0.0,0.0,0.707,nan,nan,0.2217
NW_006804059.1,750001,1500000,1166600,45,6.0,6.0,6.0,1.0,1.0,2.0,0.5333,0.2,0.5556,0.3535,0.3535,0.707,1.3027,-1.1117,-0.691
NW_006804059.1,1500001,2250000,1861726,31,3.0,3.0,3.0,1.0,0.0,0.0,0.3556,0.0,0.0,0.3535,0.0,0.0,0.015,nan,nan
NW_006804059.1,2250001,3000000,2516227,42,6.0,6.0,6.0,2.0,2.0,1.0,0.5556,0.4,0.3556,0.707,0.707,0.3535,-0.691,-1.4009,0.015
NW_006804059.1,3000001,3750000,3359192,34,2.0,2.0,2.0,0.0,1.0,0.0,0.0,0.2,0.0,0.0,0.3535,0.0,nan,-1.1117,nan
NW_006804060.1,1,750000,374928,36,3.0,3.0,3.0,0.0,1.0,1.0,0.0,0.3556,0.5556,0.0,0.3535,0.3535,nan,0.015,1.4636
NW_006804060.1,750001,1500000,1124627,44,6.0,6.0,6.0,2.0,1.0,3.0,0.8889,0.4667,1.2667,0.707,0.3535,1.0605,0.8302,0.8198,0.6996
NW_006804060.1,1500001,2250000,1881045,33,1.0,1.0,1.0,0.0,0.0,1.0,0.0,0.0,0.5333,0.0,0.0,0.3535,nan,nan,1.3027
NW_006804060.1,2250001,3000000,2637586,46,2.0,2.0,2.0,0.0,0.0,0.0,0.0,0.0,0.0,0.0,0.0,0.0,nan,nan,nan
NW_006804060.1,3750001,4500000,4129450,30,4.0,4.0,4.0,3.0,0.0,0.0,0.7556,0.0,0.0,1.0605,0.0,0.0,-1.0345,nan,nan
NW_006804061.1,1,750000,372539,34,4.0,4.0,4.0,2.0,1.0,1.0,0.8222,0.2,0.2,0.707,0.3535,0.3535,0.5259,-1.1117,-1.1117
NW_006804061.1,750001,1500000,1124848,37,6.0,6.0,6.0,3.0,1.0,0.0,0.8667,0.5333,0.0,1.0605,0.3535,0.0,-0.6575,1.3027,nan
NW_006804061.1,1500001,2250000,1920197,38,5.0,5.0,5.0,3.0,0.0,3.0,1.3111,0.0,0.7556,1.0605,0.0,1.0605,0.8504,nan,-1.0345
NW_006804063.1,1,750000,372426,38,1.0,1.0,1.0,0.0,1.0,0.0,0.0,0.3556,0.0,0.0,0.3535,0.0,nan,0.015,nan
NW_006804063.1,2250001,3000000,2633669,31,1.0,1.0,1.0,1.0,0.0,0.0,0.4667,0.0,0.0,0.3535,0.0,0.0,0.8198,nan,nan
NW_006804064.1,1,750000,411816,34,3.0,3.0,3.0,1.0,1.0,1.0,0.5556,0.3556,0.3556,0.3535,0.3535,0.3535,1.4636,0.015,0.015
NW_006804064.1,750001,1500000,1091474,34,4.0,4.0,4.0,2.0,2.0,1.0,0.5556,0.7111,0.5333,0.707,0.707,0.3535,-0.691,0.0189,1.3027
NW_006804064.1,2250001,3000000,2643291,39,2.0,2.0,2.0,1.0,0.0,0.0,0.3556,0.0,0.0,0.3535,0.0,0.0,0.015,nan,nan
NW_006804064.1,3000001,3750000,3368059,39,2.0,2.0,2.0,0.0,1.0,1.0,0.0,0.5333,0.2,0.0,0.3535,0.3535,nan,1.3027,-1.1117
NW_006804065.1,3000001,3750000,3373571,38,1.0,1.0,1.0,0.0,0.0,0.0,0.0,0.0,0.0,0.0,0.0,0.0,nan,nan,nan
NW_006804065.1,3750001,4500000,4111430,36,3.0,3.0,3.0,1.0,0.0,0.0,0.5333,0.0,0.0,0.3535,0.0,0.0,1.3027,nan,nan
NW_006804066.1,1,750000,357558,49,3.0,3.0,3.0,0.0,0.0,2.0,0.0,0.0,0.7111,0.0,0.0,0.707,nan,nan,0.0189
NW_006804066.1,750001,1500000,1062930,33,2.0,2.0,2.0,1.0,0.0,0.0,0.3556,0.0,0.0,0.3535,0.0,0.0,0.015,nan,nan
NW_006804066.1,1500001,2250000,1869838,35,1.0,1.0,1.0,0.0,0.0,0.0,0.0,0.0,0.0,0.0,0.0,0.0,nan,nan,nan
NW_006804067.1,1,750000,385622,37,3.0,3.0,3.0,3.0,0.0,0.0,1.2,0.0,0.0,1.0605,0.0,0.0,0.4734,nan,nan
NW_006804069.1,1,750000,384558,40,1.0,1.0,1.0,0.0,0.0,0.0,0.0,0.0,0.0,0.0,0.0,0.0,nan,nan,nan
NW_006804069.1,3750001,4500000,4091875,35,2.0,2.0,2.0,0.0,1.0,0.0,0.0,0.2,0.0,0.0,0.3535,0.0,nan,-1.1117,nan
NW_006804070.1,1,750000,349170,44,3.0,3.0,3.0,0.0,0.0,1.0,0.0,0.0,0.2,0.0,0.0,0.3535,nan,nan,-1.1117
NW_006804070.1,750001,1500000,1133244,40,2.0,2.0,2.0,1.0,1.0,0.0,0.3556,0.2,0.0,0.3535,0.3535,0.0,0.015,-1.1117,nan
NW_006804070.1,1500001,2250000,1905298,42,4.0,4.0,4.0,1.0,2.0,0.0,0.2,0.7333,0.0,0.3535,0.707,0.0,-1.1117,0.1203,nan
NW_006804070.1,3000001,3750000,3346015,35,0.0,0.0,0.0,nan,nan,nan,nan,nan,nan,nan,nan,nan,nan,nan,nan
NW_006804071.1,750001,1500000,1154504,32,3.0,3.0,3.0,0.0,2.0,0.0,0.0,0.4,0.0,0.0,0.707,0.0,nan,-1.4009,nan
NW_006804071.1,2250001,3000000,2664795,32,4.0,4.0,4.0,1.0,0.0,0.0,0.2,0.0,0.0,0.3535,0.0,0.0,-1.1117,nan,nan
NW_006804071.1,3000001,3750000,3470712,32,1.0,1.0,1.0,1.0,0.0,0.0,0.4667,0.0,0.0,0.3535,0.0,0.0,0.8198,nan,nan
NW_006804072.1,1,750000,404460,39,2.0,2.0,2.0,0.0,0.0,1.0,0.0,0.0,0.2,0.0,0.0,0.3535,nan,nan,-1.1117
NW_006804072.1,750001,1500000,1072491,30,3.0,3.0,3.0,1.0,0.0,2.0,0.2,0.0,0.5556,0.3535,0.0,0.707,-1.1117,nan,-0.691
NW_006804072.1,2250001,3000000,2603140,33,7.0,7.0,7.0,0.0,2.0,2.0,0.0,0.5556,1.0,0.0,0.707,0.707,nan,-0.691,1.3372
NW_006804073.1,1,750000,433974,30,3.0,3.0,3.0,1.0,3.0,0.0,0.2,1.2,0.0,0.3535,1.0605,0.0,-1.1117,0.4734,nan
NW_006804073.1,750001,1500000,1124000,30,0.0,0.0,0.0,nan,nan,nan,nan,nan,nan,nan,nan,nan,nan,nan,nan
NW_006804073.1,1500001,2250000,1888187,39,2.0,2.0,2.0,0.0,0.0,0.0,0.0,0.0,0.0,0.0,0.0,0.0,nan,nan,nan
NW_006804073.1,2250001,3000000,2638797,33,3.0,3.0,3.0,0.0,0.0,1.0,0.0,0.0,0.3556,0.0,0.0,0.3535,nan,nan,0.015
NW_006804073.1,3000001,3750000,3368519,39,0.0,0.0,0.0,nan,nan,nan,nan,nan,nan,nan,nan,nan,nan,nan,nan
NW_006804074.1,1,750000,370775,35,1.0,1.0,1.0,1.0,0.0,0.0,0.4667,0.0,0.0,0.3535,0.0,0.0,0.8198,nan,nan
NW_006804074.1,750001,1500000,1139871,34,0.0,0.0,0.0,nan,nan,nan,nan,nan,nan,nan,nan,nan,nan,nan,nan
NW_006804074.1,1500001,2250000,1853956,35,2.0,2.0,2.0,0.0,0.0,2.0,0.0,0.0,0.6667,0.0,0.0,0.707,nan,nan,-0.1839
NW_006804074.1,2250001,3000000,2652757,37,4.0,4.0,4.0,1.0,1.0,1.0,0.3556,0.2,0.3556,0.3535,0.3535,0.3535,0.015,-1.1117,0.015
NW_006804074.1,3000001,3750000,3380908,38,2.0,2.0,2.0,1.0,0.0,0.0,0.2,0.0,0.0,0.3535,0.0,0.0,-1.1117,nan,nan
NW_006804075.1,750001,1500000,1116972,42,2.0,2.0,2.0,1.0,0.0,0.0,0.4667,0.0,0.0,0.3535,0.0,0.0,0.8198,nan,nan
NW_006804075.1,1500001,2250000,1868544,32,6.0,6.0,6.0,2.0,0.0,3.0,0.6667,0.0,0.7556,0.707,0.0,1.0605,-0.1839,nan,-1.0345
NW_006804075.1,2250001,3000000,2589318,34,1.0,1.0,1.0,0.0,0.0,1.0,0.0,0.0,0.2,0.0,0.0,0.3535,nan,nan,-1.1117
NW_006804075.1,3000001,3750000,3337090,36,5.0,5.0,5.0,3.0,0.0,2.0,1.3111,0.0,0.5556,1.0605,0.0,0.707,0.8504,nan,-0.691
NW_006804075.1,3750001,4500000,4056770,30,3.0,3.0,3.0,1.0,1.0,0.0,0.2,0.5333,0.0,0.3535,0.3535,0.0,-1.1117,1.3027,nan
NW_006804076.1,1500001,2250000,1872125,40,4.0,4.0,4.0,2.0,1.0,0.0,0.9111,0.4667,0.0,0.707,0.3535,0.0,0.9316,0.8198,nan
NW_006804077.1,1,750000,410320,34,2.0,2.0,2.0,0.0,1.0,0.0,0.0,0.4667,0.0,0.0,0.3535,0.0,nan,0.8198,nan
NW_006804077.1,750001,1500000,1122028,35,2.0,2.0,2.0,0.0,0.0,0.0,0.0,0.0,0.0,0.0,0.0,0.0,nan,nan,nan
NW_006804077.1,3000001,3750000,3394663,33,4.0,4.0,4.0,1.0,0.0,0.0,0.2,0.0,0.0,0.3535,0.0,0.0,-1.1117,nan,nan
NW_006804078.1,1,750000,458224,34,1.0,1.0,1.0,0.0,0.0,1.0,0.0,0.0,0.3556,0.0,0.0,0.3535,nan,nan,0.015
NW_006804078.1,1500001,2250000,1906046,35,2.0,2.0,2.0,1.0,0.0,1.0,0.3556,0.0,0.4667,0.3535,0.0,0.3535,0.015,nan,0.8198
NW_006804079.1,1,750000,381619,40,2.0,2.0,2.0,0.0,1.0,0.0,0.0,0.5333,0.0,0.0,0.3535,0.0,nan,1.3027,nan
NW_006804079.1,750001,1500000,1139556,38,4.0,4.0,4.0,0.0,0.0,3.0,0.0,0.0,0.6,0.0,0.0,1.0605,nan,nan,-1.5622
NW_006804079.1,1500001,2250000,1877893,36,2.0,2.0,2.0,0.0,0.0,1.0,0.0,0.0,0.5333,0.0,0.0,0.3535,nan,nan,1.3027
NW_006804079.1,2250001,3000000,2582127,38,0.0,0.0,0.0,nan,nan,nan,nan,nan,nan,nan,nan,nan,nan,nan,nan
NW_006804079.1,3000001,3750000,3384640,40,1.0,1.0,1.0,0.0,1.0,0.0,0.0,0.2,0.0,0.0,0.3535,0.0,nan,-1.1117,nan
NW_006804080.1,2250001,3000000,2623661,32,4.0,4.0,4.0,0.0,1.0,1.0,0.0,0.2,0.5333,0.0,0.3535,0.3535,nan,-1.1117,1.3027
NW_006804081.1,1500001,2250000,1885815,35,0.0,0.0,0.0,nan,nan,nan,nan,nan,nan,nan,nan,nan,nan,nan,nan
NW_006804081.1,2250001,3000000,2608308,39,1.0,1.0,1.0,0.0,0.0,0.0,0.0,0.0,0.0,0.0,0.0,0.0,nan,nan,nan
NW_006804081.1,3000001,3750000,3321894,35,3.0,3.0,3.0,1.0,1.0,0.0,0.4667,0.2,0.0,0.3535,0.3535,0.0,0.8198,-1.1117,nan
NW_006804082.1,1,750000,346709,37,4.0,4.0,4.0,0.0,0.0,2.0,0.0,0.0,0.6667,0.0,0.0,0.707,nan,nan,-0.1839
NW_006804082.1,750001,1500000,1117208,34,2.0,2.0,2.0,1.0,1.0,0.0,0.4667,0.2,0.0,0.3535,0.3535,0.0,0.8198,-1.1117,nan
NW_006804082.1,1500001,2250000,1889632,38,2.0,2.0,2.0,2.0,0.0,0.0,0.4,0.0,0.0,0.707,0.0,0.0,-1.4009,nan,nan
NW_006804082.1,2250001,3000000,2606762,46,3.0,3.0,3.0,0.0,1.0,0.0,0.0,0.2,0.0,0.0,0.3535,0.0,nan,-1.1117,nan
NW_006804083.1,1,750000,388542,37,3.0,3.0,3.0,1.0,1.0,1.0,0.2,0.3556,0.3556,0.3535,0.3535,0.3535,-1.1117,0.015,0.015
NW_006804083.1,750001,1500000,1149226,52,1.0,1.0,1.0,1.0,0.0,0.0,0.2,0.0,0.0,0.3535,0.0,0.0,-1.1117,nan,nan
NW_006804083.1,2250001,3000000,2617433,33,6.0,6.0,6.0,1.0,1.0,3.0,0.3556,0.5333,0.9111,0.3535,0.3535,1.0605,0.015,1.3027,-0.5067
NW_006804083.1,3000001,3750000,3324746,30,0.0,0.0,0.0,nan,nan,nan,nan,nan,nan,nan,nan,nan,nan,nan,nan
NW_006804084.1,1,750000,412332,38,1.0,1.0,1.0,0.0,0.0,1.0,0.0,0.0,0.3556,0.0,0.0,0.3535,nan,nan,0.015
NW_006804084.1,750001,1500000,1062190,32,3.0,3.0,3.0,0.0,2.0,2.0,0.0,0.4,0.7333,0.0,0.707,0.707,nan,-1.4009,0.1203
NW_006804084.1,3000001,3750000,3402220,32,4.0,4.0,4.0,1.0,1.0,1.0,0.4667,0.2,0.2,0.3535,0.3535,0.3535,0.8198,-1.1117,-1.1117
NW_006804085.1,2250001,3000000,2588810,30,2.0,2.0,2.0,1.0,0.0,1.0,0.5556,0.0,0.5333,0.3535,0.0,0.3535,1.4636,nan,1.3027
NW_006804086.1,1,750000,339190,36,2.0,2.0,2.0,1.0,0.0,1.0,0.2,0.0,0.2,0.3535,0.0,0.3535,-1.1117,nan,-1.1117
NW_006804086.1,750001,1500000,1149914,39,3.0,3.0,3.0,1.0,1.0,1.0,0.2,0.5556,0.3556,0.3535,0.3535,0.3535,-1.1117,1.4636,0.015
NW_006804086.1,2250001,3000000,2569757,31,2.0,2.0,2.0,2.0,0.0,0.0,0.6667,0.0,0.0,0.707,0.0,0.0,-0.1839,nan,nan
NW_006804087.1,1,750000,336456,49,5.0,5.0,5.0,2.0,1.0,2.0,0.9111,0.3556,0.5556,0.707,0.3535,0.707,0.9316,0.015,-0.691
NW_006804087.1,1500001,2250000,1834079,31,3.0,3.0,3.0,1.0,1.0,0.0,0.2,0.5333,0.0,0.3535,0.3535,0.0,-1.1117,1.3027,nan
NW_006804087.1,3000001,3750000,3429565,34,3.0,3.0,3.0,1.0,0.0,1.0,0.2,0.0,0.3556,0.3535,0.0,0.3535,-1.1117,nan,0.015
NW_006804088.1,1,750000,391958,35,4.0,4.0,4.0,1.0,2.0,1.0,0.5556,0.4,0.5333,0.3535,0.707,0.3535,1.4636,-1.4009,1.3027
NW_006804088.1,750001,1500000,1180516,30,1.0,1.0,1.0,0.0,0.0,0.0,0.0,0.0,0.0,0.0,0.0,0.0,nan,nan,nan
NW_006804088.1,1500001,2250000,1848964,31,2.0,2.0,2.0,1.0,0.0,0.0,0.5333,0.0,0.0,0.3535,0.0,0.0,1.3027,nan,nan
NW_006804088.1,2250001,3000000,2653406,40,1.0,1.0,1.0,0.0,1.0,0.0,0.0,0.2,0.0,0.0,0.3535,0.0,nan,-1.1117,nan
NW_006804088.1,3000001,3750000,3353064,38,1.0,1.0,1.0,1.0,0.0,0.0,0.3556,0.0,0.0,0.3535,0.0,0.0,0.015,nan,nan
NW_006804089.1,1,750000,342196,40,1.0,1.0,1.0,1.0,0.0,0.0,0.2,0.0,0.0,0.3535,0.0,0.0,-1.1117,nan,nan
NW_006804089.1,1500001,2250000,1886981,38,4.0,4.0,4.0,3.0,0.0,1.0,1.1111,0.0,0.4667,1.0605,0.0,0.3535,0.1719,nan,0.8198
NW_006804089.1,2250001,3000000,2663147,35,5.0,5.0,5.0,3.0,0.0,1.0,0.7556,0.0,0.2,1.0605,0.0,0.3535,-1.0345,nan,-1.1117
NW_006804090.1,1,750000,437988,32,2.0,2.0,2.0,1.0,0.0,0.0,0.2,0.0,0.0,0.3535,0.0,0.0,-1.1117,nan,nan
NW_006804090.1,750001,1500000,1164538,35,0.0,0.0,0.0,nan,nan,nan,nan,nan,nan,nan,nan,nan,nan,nan,nan
NW_006804090.1,2250001,3000000,2672766,31,1.0,1.0,1.0,0.0,1.0,0.0,0.0,0.2,0.0,0.0,0.3535,0.0,nan,-1.1117,nan
NW_006804090.1,3000001,3750000,3403881,35,1.0,1.0,1.0,1.0,0.0,1.0,0.2,0.0,0.4667,0.3535,0.0,0.3535,-1.1117,nan,0.8198
NW_006804091.1,1,750000,360348,37,3.0,3.0,3.0,0.0,2.0,0.0,0.0,0.5556,0.0,0.0,0.707,0.0,nan,-0.691,nan
NW_006804091.1,750001,1500000,1169465,45,3.0,3.0,3.0,0.0,0.0,1.0,0.0,0.0,0.3556,0.0,0.0,0.3535,nan,nan,0.015
NW_006804091.1,1500001,2250000,1843760,42,6.0,6.0,6.0,3.0,1.0,2.0,1.1333,0.2,0.8889,1.0605,0.3535,0.707,0.2473,-1.1117,0.8302
NW_006804091.1,3000001,3750000,3358401,41,4.0,4.0,4.0,1.0,3.0,2.0,0.2,0.8667,0.7333,0.3535,1.0605,0.707,-1.1117,-0.6575,0.1203
NW_006804092.1,2250001,3000000,2623524,35,4.0,4.0,4.0,2.0,1.0,1.0,0.4,0.3556,0.2,0.707,0.3535,0.3535,-1.4009,0.015,-1.1117
NW_006804093.1,1,750000,413253,31,2.0,2.0,2.0,1.0,0.0,1.0,0.2,0.0,0.3556,0.3535,0.0,0.3535,-1.1117,nan,0.015
NW_006804093.1,1500001,2250000,1878201,31,2.0,2.0,2.0,1.0,0.0,1.0,0.2,0.0,0.3556,0.3535,0.0,0.3535,-1.1117,nan,0.015
NW_006804093.1,2250001,3000000,2698739,33,4.0,4.0,4.0,2.0,2.0,1.0,0.5556,0.4,0.2,0.707,0.707,0.3535,-0.691,-1.4009,-1.1117
NW_006804093.1,3000001,3750000,3417054,32,2.0,2.0,2.0,0.0,1.0,0.0,0.0,0.3556,0.0,0.0,0.3535,0.0,nan,0.015,nan
NW_006804094.1,1,750000,344291,32,0.0,0.0,0.0,nan,nan,nan,nan,nan,nan,nan,nan,nan,nan,nan,nan
NW_006804094.1,750001,1500000,1171836,35,2.0,2.0,2.0,1.0,0.0,1.0,0.2,0.0,0.4667,0.3535,0.0,0.3535,-1.1117,nan,0.8198
NW_006804094.1,2250001,3000000,2597636,30,3.0,3.0,3.0,2.0,1.0,0.0,0.7556,0.2,0.0,0.707,0.3535,0.0,0.2217,-1.1117,nan
NW_006804094.1,3000001,3750000,3388713,37,4.0,4.0,4.0,1.0,1.0,1.0,0.2,0.3556,0.3556,0.3535,0.3535,0.3535,-1.1117,0.015,0.015
NW_006804095.1,1,750000,404096,42,2.0,2.0,2.0,1.0,0.0,0.0,0.5556,0.0,0.0,0.3535,0.0,0.0,1.4636,nan,nan
NW_006804095.1,750001,1500000,1139201,33,6.0,6.0,6.0,2.0,1.0,1.0,0.7333,0.2,0.2,0.707,0.3535,0.3535,0.1203,-1.1117,-1.1117
NW_006804095.1,1500001,2250000,1866728,33,1.0,1.0,1.0,0.0,0.0,0.0,0.0,0.0,0.0,0.0,0.0,0.0,nan,nan,nan
NW_006804096.1,1,750000,359477,37,2.0,2.0,2.0,1.0,0.0,0.0,0.2,0.0,0.0,0.3535,0.0,0.0,-1.1117,nan,nan
NW_006804096.1,750001,1500000,1130931,42,0.0,0.0,0.0,nan,nan,nan,nan,nan,nan,nan,nan,nan,nan,nan,nan
NW_006804096.1,1500001,2250000,1910005,40,4.0,4.0,4.0,1.0,1.0,1.0,0.3556,0.4667,0.2,0.3535,0.3535,0.3535,0.015,0.8198,-1.1117
NW_006804096.1,2250001,3000000,2621451,40,3.0,3.0,3.0,0.0,2.0,2.0,0.0,0.4,0.7333,0.0,0.707,0.707,nan,-1.4009,0.1203
NW_006804096.1,3000001,3750000,3391101,39,4.0,4.0,4.0,1.0,0.0,1.0,0.5333,0.0,0.2,0.3535,0.0,0.3535,1.3027,nan,-1.1117
NW_006804097.1,1500001,2250000,1885503,36,2.0,2.0,2.0,1.0,0.0,0.0,0.2,0.0,0.0,0.3535,0.0,0.0,-1.1117,nan,nan
NW_006804097.1,2250001,3000000,2647192,30,1.0,1.0,1.0,0.0,1.0,0.0,0.0,0.2,0.0,0.0,0.3535,0.0,nan,-1.1117,nan
NW_006804097.1,3000001,3750000,3337463,30,3.0,3.0,3.0,1.0,1.0,0.0,0.3556,0.5556,0.0,0.3535,0.3535,0.0,0.015,1.4636,nan
NW_006804098.1,1500001,2250000,1839378,32,1.0,1.0,1.0,0.0,1.0,0.0,0.0,0.3556,0.0,0.0,0.3535,0.0,nan,0.015,nan
NW_006804099.1,1,750000,396671,30,3.0,3.0,3.0,1.0,0.0,1.0,0.4667,0.0,0.4667,0.3535,0.0,0.3535,0.8198,nan,0.8198
NW_006804099.1,750001,1500000,1121731,33,4.0,4.0,4.0,2.0,2.0,0.0,0.7111,0.7333,0.0,0.707,0.707,0.0,0.0189,0.1203,nan
NW_006804099.1,1500001,2250000,1946721,42,6.0,6.0,6.0,2.0,2.0,2.0,1.0,0.7556,0.4,0.707,0.707,0.707,1.3372,0.2217,-1.4009
NW_006804099.1,2250001,3000000,2561458,38,1.0,1.0,1.0,0.0,0.0,1.0,0.0,0.0,0.2,0.0,0.0,0.3535,nan,nan,-1.1117
NW_006804099.1,3000001,3750000,3421021,33,2.0,2.0,2.0,0.0,0.0,1.0,0.0,0.0,0.3556,0.0,0.0,0.3535,nan,nan,0.015
NW_006804100.1,750001,1500000,1136989,41,2.0,2.0,2.0,1.0,0.0,0.0,0.3556,0.0,0.0,0.3535,0.0,0.0,0.015,nan,nan
NW_006804100.1,1500001,2250000,1853243,30,0.0,0.0,0.0,nan,nan,nan,nan,nan,nan,nan,nan,nan,nan,nan,nan
NW_006804100.1,3000001,3750000,3362606,35,4.0,4.0,4.0,2.0,1.0,1.0,0.5556,0.5333,0.3556,0.707,0.3535,0.3535,-0.691,1.3027,0.015
NW_006804101.1,1,750000,405972,34,4.0,4.0,4.0,1.0,0.0,1.0,0.5333,0.0,0.2,0.3535,0.0,0.3535,1.3027,nan,-1.1117
NW_006804101.1,750001,1500000,1155474,36,3.0,3.0,3.0,2.0,1.0,0.0,0.8889,0.5333,0.0,0.707,0.3535,0.0,0.8302,1.3027,nan
NW_006804101.1,1500001,2250000,1873022,30,2.0,2.0,2.0,1.0,2.0,0.0,0.2,0.5556,0.0,0.3535,0.707,0.0,-1.1117,-0.691,nan
NW_006804101.1,2250001,3000000,2679809,34,2.0,2.0,2.0,2.0,0.0,1.0,0.4,0.0,0.2,0.707,0.0,0.3535,-1.4009,nan,-1.1117
NW_006804101.1,3000001,3750000,3366815,36,3.0,3.0,3.0,1.0,0.0,3.0,0.3556,0.0,0.9333,0.3535,0.0,1.0605,0.015,nan,-0.4313
NW_006804103.1,750001,1500000,1104838,37,3.0,3.0,3.0,1.0,0.0,0.0,0.2,0.0,0.0,0.3535,0.0,0.0,-1.1117,nan,nan
NW_006804104.1,750001,1500000,1128543,30,3.0,3.0,3.0,1.0,2.0,0.0,0.4667,0.6667,0.0,0.3535,0.707,0.0,0.8198,-0.1839,nan
NW_006804104.1,1500001,2250000,1908115,37,1.0,1.0,1.0,0.0,1.0,0.0,0.0,0.2,0.0,0.0,0.3535,0.0,nan,-1.1117,nan
NW_006804104.1,2250001,3000000,2571383,38,2.0,2.0,2.0,0.0,0.0,1.0,0.0,0.0,0.2,0.0,0.0,0.3535,nan,nan,-1.1117
NW_006804104.1,3000001,3750000,3387522,35,3.0,3.0,3.0,0.0,2.0,0.0,0.0,0.5556,0.0,0.0,0.707,0.0,nan,-0.691,nan
NW_006804105.1,2250001,3000000,2693802,34,3.0,3.0,3.0,1.0,1.0,0.0,0.2,0.2,0.0,0.3535,0.3535,0.0,-1.1117,-1.1117,nan
NW_006804105.1,3000001,3750000,3310889,37,1.0,1.0,1.0,1.0,0.0,0.0,0.2,0.0,0.0,0.3535,0.0,0.0,-1.1117,nan,nan
NW_006804106.1,750001,1500000,1199214,39,3.0,3.0,3.0,2.0,0.0,0.0,0.4,0.0,0.0,0.707,0.0,0.0,-1.4009,nan,nan
NW_006804106.1,1500001,2250000,1956901,45,6.0,6.0,6.0,2.0,1.0,2.0,0.6667,0.5333,0.8889,0.707,0.3535,0.707,-0.1839,1.3027,0.8302
NW_006804106.1,2250001,3000000,2599248,43,4.0,4.0,4.0,0.0,2.0,1.0,0.0,0.7556,0.3556,0.0,0.707,0.3535,nan,0.2217,0.015
NW_006804106.1,3000001,3750000,3353156,34,2.0,2.0,2.0,1.0,1.0,0.0,0.2,0.2,0.0,0.3535,0.3535,0.0,-1.1117,-1.1117,nan
NW_006804107.1,1,750000,419710,32,3.0,3.0,3.0,0.0,1.0,0.0,0.0,0.2,0.0,0.0,0.3535,0.0,nan,-1.1117,nan
NW_006804108.1,1,750000,394134,31,0.0,0.0,0.0,nan,nan,nan,nan,nan,nan,nan,nan,nan,nan,nan,nan
NW_006804108.1,750001,1500000,1150393,34,3.0,3.0,3.0,1.0,1.0,1.0,0.2,0.3556,0.4667,0.3535,0.3535,0.3535,-1.1117,0.015,0.8198
NW_006804108.1,1500001,2250000,1875962,38,3.0,3.0,3.0,1.0,0.0,2.0,0.5333,0.0,0.7111,0.3535,0.0,0.707,1.3027,nan,0.0189
NW_006804108.1,2250001,3000000,2587399,37,2.0,2.0,2.0,1.0,0.0,0.0,0.5333,0.0,0.0,0.3535,0.0,0.0,1.3027,nan,nan
NW_006804110.1,1,750000,381290,36,1.0,1.0,1.0,0.0,1.0,0.0,0.0,0.2,0.0,0.0,0.3535,0.0,nan,-1.1117,nan
NW_006804110.1,1500001,2250000,1910272,36,5.0,5.0,5.0,2.0,2.0,1.0,0.4,0.8889,0.2,0.707,0.707,0.3535,-1.4009,0.8302,-1.1117
NW_006804110.1,2250001,3000000,2562510,37,3.0,3.0,3.0,0.0,1.0,2.0,0.0,0.2,0.6667,0.0,0.3535,0.707,nan,-1.1117,-0.1839
NW_006804110.1,3000001,3750000,3396406,32,1.0,1.0,1.0,1.0,0.0,0.0,0.4667,0.0,0.0,0.3535,0.0,0.0,0.8198,nan,nan
NW_006804111.1,1,750000,309956,36,4.0,4.0,4.0,2.0,1.0,0.0,0.8889,0.3556,0.0,0.707,0.3535,0.0,0.8302,0.015,nan
NW_006804111.1,750001,1500000,1150180,30,5.0,5.0,5.0,1.0,0.0,2.0,0.5556,0.0,0.4,0.3535,0.0,0.707,1.4636,nan,-1.4009
NW_006804111.1,1500001,2250000,1866861,45,3.0,3.0,3.0,1.0,0.0,1.0,0.2,0.0,0.2,0.3535,0.0,0.3535,-1.1117,nan,-1.1117
NW_006804111.1,2250001,3000000,2601159,35,4.0,4.0,4.0,1.0,1.0,1.0,0.3556,0.5333,0.3556,0.3535,0.3535,0.3535,0.015,1.3027,0.015
NW_006804112.1,750001,1500000,1162539,32,2.0,2.0,2.0,1.0,0.0,0.0,0.3556,0.0,0.0,0.3535,0.0,0.0,0.015,nan,nan
NW_006804112.1,2250001,3000000,2586849,35,4.0,4.0,4.0,1.0,1.0,0.0,0.5333,0.2,0.0,0.3535,0.3535,0.0,1.3027,-1.1117,nan
NW_006804112.1,3000001,3750000,3370391,32,4.0,4.0,4.0,0.0,1.0,2.0,0.0,0.2,0.8222,0.0,0.3535,0.707,nan,-1.1117,0.5259
NW_006804113.1,750001,1500000,1145661,37,1.0,1.0,1.0,0.0,1.0,0.0,0.0,0.5556,0.0,0.0,0.3535,0.0,nan,1.4636,nan
NW_006804113.1,1500001,2250000,1884607,36,3.0,3.0,3.0,1.0,0.0,1.0,0.2,0.0,0.2,0.3535,0.0,0.3535,-1.1117,nan,-1.1117
NW_006804114.1,1,750000,389234,32,3.0,3.0,3.0,0.0,1.0,0.0,0.0,0.4667,0.0,0.0,0.3535,0.0,nan,0.8198,nan
NW_006804114.1,2250001,3000000,2614334,38,2.0,2.0,2.0,1.0,0.0,0.0,0.2,0.0,0.0,0.3535,0.0,0.0,-1.1117,nan,nan
NW_006804116.1,1,750000,403947,35,1.0,1.0,1.0,0.0,1.0,0.0,0.0,0.3556,0.0,0.0,0.3535,0.0,nan,0.015,nan
NW_006804116.1,750001,1500000,1171942,37,0.0,0.0,0.0,nan,nan,nan,nan,nan,nan,nan,nan,nan,nan,nan,nan
NW_006804116.1,1500001,2250000,1856230,30,4.0,4.0,4.0,1.0,2.0,0.0,0.2,0.4,0.0,0.3535,0.707,0.0,-1.1117,-1.4009,nan
NW_006804116.1,2250001,3000000,2640911,44,4.0,4.0,4.0,0.0,2.0,0.0,0.0,0.5556,0.0,0.0,0.707,0.0,nan,-0.691,nan
NW_006804116.1,3000001,3750000,3413463,38,2.0,2.0,2.0,1.0,1.0,1.0,0.5556,0.5333,0.5556,0.3535,0.3535,0.3535,1.4636,1.3027,1.4636
NW_006804117.1,1,750000,380643,30,1.0,1.0,1.0,0.0,1.0,1.0,0.0,0.3556,0.2,0.0,0.3535,0.3535,nan,0.015,-1.1117
NW_006804117.1,1500001,2250000,1960701,40,2.0,2.0,2.0,0.0,1.0,0.0,0.0,0.2,0.0,0.0,0.3535,0.0,nan,-1.1117,nan
NW_006804117.1,2250001,3000000,2643513,33,1.0,1.0,1.0,0.0,0.0,1.0,0.0,0.0,0.2,0.0,0.0,0.3535,nan,nan,-1.1117
NW_006804118.1,750001,1500000,1109478,37,4.0,4.0,4.0,1.0,1.0,2.0,0.2,0.2,0.4,0.3535,0.3535,0.707,-1.1117,-1.1117,-1.4009
NW_006804118.1,1500001,2250000,1905145,34,1.0,1.0,1.0,0.0,0.0,0.0,0.0,0.0,0.0,0.0,0.0,0.0,nan,nan,nan
NW_006804118.1,3000001,3750000,3386862,32,4.0,4.0,4.0,1.0,0.0,1.0,0.2,0.0,0.3556,0.3535,0.0,0.3535,-1.1117,nan,0.015
NW_006804119.1,1,750000,417319,32,0.0,0.0,0.0,nan,nan,nan,nan,nan,nan,nan,nan,nan,nan,nan,nan
NW_006804119.1,750001,1500000,1152293,37,3.0,3.0,3.0,1.0,1.0,2.0,0.5333,0.3556,0.5556,0.3535,0.3535,0.707,1.3027,0.015,-0.691
NW_006804119.1,2250001,3000000,2627729,30,2.0,2.0,2.0,1.0,0.0,0.0,0.2,0.0,0.0,0.3535,0.0,0.0,-1.1117,nan,nan
NW_006804120.1,1,750000,345407,37,2.0,2.0,2.0,0.0,1.0,0.0,0.0,0.2,0.0,0.0,0.3535,0.0,nan,-1.1117,nan
NW_006804120.1,750001,1500000,1174110,33,5.0,5.0,5.0,2.0,0.0,1.0,0.6667,0.0,0.5333,0.707,0.0,0.3535,-0.1839,nan,1.3027
NW_006804120.1,1500001,2250000,1835437,42,2.0,2.0,2.0,0.0,0.0,1.0,0.0,0.0,0.5556,0.0,0.0,0.3535,nan,nan,1.4636
NW_006804120.1,3000001,3750000,3375234,31,2.0,2.0,2.0,2.0,0.0,0.0,0.5556,0.0,0.0,0.707,0.0,0.0,-0.691,nan,nan
NW_006804122.1,1,750000,365811,41,1.0,1.0,1.0,1.0,0.0,0.0,0.2,0.0,0.0,0.3535,0.0,0.0,-1.1117,nan,nan
NW_006804122.1,1500001,2250000,1912370,38,4.0,4.0,4.0,2.0,0.0,1.0,0.8889,0.0,0.5333,0.707,0.0,0.3535,0.8302,nan,1.3027
NW_006804122.1,2250001,3000000,2592955,42,2.0,2.0,2.0,1.0,0.0,0.0,0.3556,0.0,0.0,0.3535,0.0,0.0,0.015,nan,nan
NW_006804123.1,750001,1500000,1112987,41,5.0,5.0,5.0,2.0,2.0,0.0,0.5556,0.4,0.0,0.707,0.707,0.0,-0.691,-1.4009,nan
NW_006804123.1,1500001,2250000,1868830,35,3.0,3.0,3.0,2.0,1.0,0.0,0.7556,0.5556,0.0,0.707,0.3535,0.0,0.2217,1.4636,nan
NW_006804123.1,2250001,3000000,2646998,38,3.0,3.0,3.0,0.0,2.0,0.0,0.0,0.6667,0.0,0.0,0.707,0.0,nan,-0.1839,nan
NW_006804124.1,1,750000,373952,30,3.0,3.0,3.0,1.0,0.0,1.0,0.2,0.0,0.3556,0.3535,0.0,0.3535,-1.1117,nan,0.015
NW_006804124.1,750001,1500000,1140421,35,1.0,1.0,1.0,0.0,0.0,0.0,0.0,0.0,0.0,0.0,0.0,0.0,nan,nan,nan
NW_006804124.1,1500001,2250000,1915458,30,3.0,3.0,3.0,0.0,0.0,0.0,0.0,0.0,0.0,0.0,0.0,0.0,nan,nan,nan
NW_006804124.1,2250001,3000000,2604522,36,2.0,2.0,2.0,1.0,0.0,0.0,0.5333,0.0,0.0,0.3535,0.0,0.0,1.3027,nan,nan
NW_006804125.1,750001,1500000,1158774,35,5.0,5.0,5.0,2.0,1.0,0.0,1.0,0.2,0.0,0.707,0.3535,0.0,1.3372,-1.1117,nan
NW_006804126.1,1,750000,383327,41,2.0,2.0,2.0,1.0,0.0,1.0,0.2,0.0,0.3556,0.3535,0.0,0.3535,-1.1117,nan,0.015
NW_006804126.1,750001,1500000,1117755,40,1.0,1.0,1.0,0.0,0.0,0.0,0.0,0.0,0.0,0.0,0.0,0.0,nan,nan,nan
NW_006804126.1,1500001,2250000,1872848,33,0.0,0.0,0.0,nan,nan,nan,nan,nan,nan,nan,nan,nan,nan,nan,nan
NW_006804126.1,2250001,3000000,2600057,33,6.0,6.0,6.0,4.0,1.0,1.0,1.2667,0.2,0.2,1.4139,0.3535,0.3535,-0.3999,-1.1117,-1.1117
NW_006804127.1,1,750000,378920,35,2.0,2.0,2.0,1.0,0.0,1.0,0.5333,0.0,0.5333,0.3535,0.0,0.3535,1.3027,nan,1.3027
NW_006804127.1,750001,1500000,1157569,35,2.0,2.0,2.0,0.0,0.0,0.0,0.0,0.0,0.0,0.0,0.0,0.0,nan,nan,nan
NW_006804127.1,1500001,2250000,1824282,47,5.0,5.0,5.0,3.0,0.0,0.0,1.0222,0.0,0.0,1.0605,0.0,0.0,-0.1297,nan,nan
NW_006804127.1,2250001,3000000,2676230,36,4.0,4.0,4.0,1.0,0.0,1.0,0.4667,0.0,0.4667,0.3535,0.0,0.3535,0.8198,nan,0.8198
NW_006804129.1,1,750000,332949,33,3.0,3.0,3.0,1.0,2.0,1.0,0.4667,0.5556,0.3556,0.3535,0.707,0.3535,0.8198,-0.691,0.015
NW_006804129.1,2250001,3000000,2620894,30,6.0,6.0,6.0,2.0,1.0,1.0,0.5556,0.4667,0.2,0.707,0.3535,0.3535,-0.691,0.8198,-1.1117
NW_006804129.1,3000001,3750000,3327465,33,2.0,2.0,2.0,1.0,0.0,1.0,0.3556,0.0,0.3556,0.3535,0.0,0.3535,0.015,nan,0.015
NW_006804130.1,1,750000,322884,31,1.0,1.0,1.0,0.0,1.0,0.0,0.0,0.2,0.0,0.0,0.3535,0.0,nan,-1.1117,nan
NW_006804130.1,750001,1500000,1099996,31,1.0,1.0,1.0,0.0,0.0,1.0,0.0,0.0,0.2,0.0,0.0,0.3535,nan,nan,-1.1117
NW_006804130.1,2250001,3000000,2574982,32,3.0,3.0,3.0,0.0,0.0,0.0,0.0,0.0,0.0,0.0,0.0,0.0,nan,nan,nan
NW_006804131.1,1,750000,313530,30,2.0,2.0,2.0,0.0,0.0,1.0,0.0,0.0,0.5333,0.0,0.0,0.3535,nan,nan,1.3027
NW_006804132.1,750001,1500000,1135820,34,2.0,2.0,2.0,1.0,0.0,0.0,0.4667,0.0,0.0,0.3535,0.0,0.0,0.8198,nan,nan
NW_006804132.1,1500001,2250000,1939911,33,7.0,7.0,7.0,1.0,0.0,2.0,0.2,0.0,0.4,0.3535,0.0,0.707,-1.1117,nan,-1.4009
NW_006804133.1,1500001,2250000,1897441,30,3.0,3.0,3.0,0.0,1.0,1.0,0.0,0.4667,0.2,0.0,0.3535,0.3535,nan,0.8198,-1.1117
NW_006804133.1,2250001,3000000,2551861,41,4.0,4.0,4.0,2.0,0.0,1.0,0.6667,0.0,0.5556,0.707,0.0,0.3535,-0.1839,nan,1.4636
NW_006804134.1,2250001,3000000,2650532,32,2.0,2.0,2.0,0.0,0.0,1.0,0.0,0.0,0.5333,0.0,0.0,0.3535,nan,nan,1.3027
NW_006804135.1,1,750000,406316,37,3.0,3.0,3.0,0.0,0.0,2.0,0.0,0.0,0.4,0.0,0.0,0.707,nan,nan,-1.4009
NW_006804135.1,750001,1500000,1110660,33,3.0,3.0,3.0,2.0,0.0,0.0,0.6667,0.0,0.0,0.707,0.0,0.0,-0.1839,nan,nan
NW_006804136.1,1,750000,377093,31,4.0,4.0,4.0,3.0,1.0,2.0,0.8667,0.2,1.0,1.0605,0.3535,0.707,-0.6575,-1.1117,1.3372
NW_006804136.1,750001,1500000,1133132,33,1.0,1.0,1.0,0.0,1.0,0.0,0.0,0.2,0.0,0.0,0.3535,0.0,nan,-1.1117,nan
NW_006804136.1,1500001,2250000,1897724,37,4.0,4.0,4.0,2.0,1.0,0.0,0.4,0.3556,0.0,0.707,0.3535,0.0,-1.4009,0.015,nan
NW_006804136.1,2250001,3000000,2597776,31,4.0,4.0,4.0,2.0,1.0,1.0,0.5556,0.5333,0.2,0.707,0.3535,0.3535,-0.691,1.3027,-1.1117
NW_006804137.1,1500001,2250000,1879727,31,0.0,0.0,0.0,nan,nan,nan,nan,nan,nan,nan,nan,nan,nan,nan,nan
NW_006804138.1,1,750000,398986,37,3.0,3.0,3.0,0.0,0.0,1.0,0.0,0.0,0.2,0.0,0.0,0.3535,nan,nan,-1.1117
NW_006804139.1,750001,1500000,1098702,30,3.0,3.0,3.0,0.0,0.0,1.0,0.0,0.0,0.5333,0.0,0.0,0.3535,nan,nan,1.3027
NW_006804139.1,1500001,2250000,1860091,36,2.0,2.0,2.0,0.0,0.0,1.0,0.0,0.0,0.3556,0.0,0.0,0.3535,nan,nan,0.015
NW_006804141.1,1,750000,448693,33,0.0,0.0,0.0,nan,nan,nan,nan,nan,nan,nan,nan,nan,nan,nan,nan
NW_006804142.1,750001,1500000,1168523,30,4.0,4.0,4.0,2.0,0.0,2.0,0.6667,0.0,0.6667,0.707,0.0,0.707,-0.1839,nan,-0.1839
NW_006804142.1,1500001,2250000,1897505,30,1.0,1.0,1.0,1.0,0.0,0.0,0.3556,0.0,0.0,0.3535,0.0,0.0,0.015,nan,nan
NW_006804142.1,2250001,3000000,2664965,35,0.0,0.0,0.0,nan,nan,nan,nan,nan,nan,nan,nan,nan,nan,nan,nan
NW_006804143.1,1,750000,328980,33,3.0,3.0,3.0,0.0,1.0,1.0,0.0,0.5333,0.2,0.0,0.3535,0.3535,nan,1.3027,-1.1117
NW_006804143.1,750001,1500000,1128410,35,4.0,4.0,4.0,1.0,2.0,0.0,0.5333,0.7333,0.0,0.3535,0.707,0.0,1.3027,0.1203,nan
NW_006804143.1,1500001,2250000,1845131,30,4.0,4.0,4.0,2.0,2.0,1.0,0.4,0.4,0.2,0.707,0.707,0.3535,-1.4009,-1.4009,-1.1117
NW_006804144.1,1,750000,286756,36,3.0,3.0,3.0,3.0,1.0,1.0,1.3778,0.5556,0.5556,1.0605,0.3535,0.3535,1.0766,1.4636,1.4636
NW_006804144.1,750001,1500000,1177653,44,2.0,2.0,2.0,0.0,0.0,1.0,0.0,0.0,0.2,0.0,0.0,0.3535,nan,nan,-1.1117
NW_006804144.1,1500001,2250000,1908769,32,1.0,1.0,1.0,0.0,0.0,1.0,0.0,0.0,0.5333,0.0,0.0,0.3535,nan,nan,1.3027
NW_006804145.1,1,750000,385010,36,2.0,2.0,2.0,1.0,0.0,0.0,0.2,0.0,0.0,0.3535,0.0,0.0,-1.1117,nan,nan
NW_006804145.1,750001,1500000,1183834,43,2.0,2.0,2.0,1.0,0.0,0.0,0.3556,0.0,0.0,0.3535,0.0,0.0,0.015,nan,nan
NW_006804145.1,2250001,3000000,2641251,38,4.0,4.0,4.0,0.0,2.0,0.0,0.0,0.5556,0.0,0.0,0.707,0.0,nan,-0.691,nan
NW_006804146.1,1,750000,269139,31,0.0,0.0,0.0,nan,nan,nan,nan,nan,nan,nan,nan,nan,nan,nan,nan
NW_006804146.1,750001,1500000,1163777,30,4.0,4.0,4.0,0.0,1.0,0.0,0.0,0.3556,0.0,0.0,0.3535,0.0,nan,0.015,nan
NW_006804146.1,1500001,2250000,1880545,31,5.0,5.0,5.0,2.0,1.0,0.0,1.0889,0.2,0.0,0.707,0.3535,0.0,1.7429,-1.1117,nan
NW_006804146.1,2250001,3000000,2674524,32,5.0,5.0,5.0,3.0,1.0,2.0,0.7556,0.2,0.5556,1.0605,0.3535,0.707,-1.0345,-1.1117,-0.691
NW_006804147.1,750001,1500000,1051058,35,2.0,2.0,2.0,1.0,0.0,1.0,0.2,0.0,0.2,0.3535,0.0,0.3535,-1.1117,nan,-1.1117
NW_006804147.1,2250001,3000000,2654997,37,3.0,3.0,3.0,1.0,0.0,0.0,0.2,0.0,0.0,0.3535,0.0,0.0,-1.1117,nan,nan
NW_006804148.1,1,750000,374243,36,4.0,4.0,4.0,1.0,2.0,1.0,0.4667,0.6667,0.3556,0.3535,0.707,0.3535,0.8198,-0.1839,0.015
NW_006804148.1,2250001,3000000,2692978,33,2.0,2.0,2.0,1.0,0.0,0.0,0.2,0.0,0.0,0.3535,0.0,0.0,-1.1117,nan,nan
NW_006804149.1,750001,1500000,1090184,34,4.0,4.0,4.0,2.0,0.0,0.0,0.5556,0.0,0.0,0.707,0.0,0.0,-0.691,nan,nan
NW_006804149.1,1500001,2250000,1918685,32,1.0,1.0,1.0,1.0,0.0,0.0,0.3556,0.0,0.0,0.3535,0.0,0.0,0.015,nan,nan
NW_006804150.1,1,750000,397579,33,3.0,3.0,3.0,0.0,0.0,1.0,0.0,0.0,0.3556,0.0,0.0,0.3535,nan,nan,0.015
NW_006804150.1,750001,1500000,1144680,36,1.0,1.0,1.0,0.0,0.0,0.0,0.0,0.0,0.0,0.0,0.0,0.0,nan,nan,nan
NW_006804150.1,1500001,2250000,1867258,39,2.0,2.0,2.0,0.0,2.0,0.0,0.0,0.9333,0.0,0.0,0.707,0.0,nan,1.033,nan
NW_006804150.1,2250001,3000000,2661251,36,4.0,4.0,4.0,1.0,1.0,2.0,0.3556,0.5556,1.0,0.3535,0.3535,0.707,0.015,1.4636,1.3372
NW_006804151.1,1,750000,409131,37,4.0,4.0,4.0,1.0,0.0,2.0,0.2,0.0,0.7333,0.3535,0.0,0.707,-1.1117,nan,0.1203
NW_006804151.1,1500001,2250000,1931956,30,0.0,0.0,0.0,nan,nan,nan,nan,nan,nan,nan,nan,nan,nan,nan,nan
NW_006804151.1,2250001,3000000,2591343,31,2.0,2.0,2.0,0.0,0.0,2.0,0.0,0.0,0.4,0.0,0.0,0.707,nan,nan,-1.4009
NW_006804152.1,1,750000,356755,35,0.0,0.0,0.0,nan,nan,nan,nan,nan,nan,nan,nan,nan,nan,nan,nan
NW_006804152.1,750001,1500000,1111552,38,4.0,4.0,4.0,1.0,2.0,0.0,0.3556,0.4,0.0,0.3535,0.707,0.0,0.015,-1.4009,nan
NW_006804152.1,2250001,3000000,2651020,33,1.0,1.0,1.0,0.0,1.0,0.0,0.0,0.2,0.0,0.0,0.3535,0.0,nan,-1.1117,nan
NW_006804153.1,1,750000,432089,42,3.0,3.0,3.0,1.0,3.0,1.0,0.2,0.9556,0.2,0.3535,1.0605,0.3535,-1.1117,-0.3559,-1.1117
NW_006804153.1,750001,1500000,1102052,41,1.0,1.0,1.0,1.0,0.0,0.0,0.5333,0.0,0.0,0.3535,0.0,0.0,1.3027,nan,nan
NW_006804153.1,1500001,2250000,1838974,32,0.0,0.0,0.0,nan,nan,nan,nan,nan,nan,nan,nan,nan,nan,nan,nan
NW_006804153.1,2250001,3000000,2616188,31,2.0,2.0,2.0,2.0,0.0,0.0,0.7333,0.0,0.0,0.707,0.0,0.0,0.1203,nan,nan
NW_006804154.1,750001,1500000,1182250,38,2.0,2.0,2.0,0.0,0.0,1.0,0.0,0.0,0.2,0.0,0.0,0.3535,nan,nan,-1.1117
NW_006804154.1,1500001,2250000,1870097,38,1.0,1.0,1.0,0.0,0.0,1.0,0.0,0.0,0.4667,0.0,0.0,0.3535,nan,nan,0.8198
NW_006804154.1,2250001,3000000,2650404,30,2.0,2.0,2.0,1.0,0.0,1.0,0.2,0.0,0.2,0.3535,0.0,0.3535,-1.1117,nan,-1.1117
NW_006804155.1,750001,1500000,1119473,43,3.0,3.0,3.0,1.0,1.0,0.0,0.5333,0.2,0.0,0.3535,0.3535,0.0,1.3027,-1.1117,nan
NW_006804155.1,1500001,2250000,1907763,35,1.0,1.0,1.0,0.0,0.0,0.0,0.0,0.0,0.0,0.0,0.0,0.0,nan,nan,nan
NW_006804155.1,2250001,3000000,2613222,36,3.0,3.0,3.0,0.0,1.0,1.0,0.0,0.5556,0.3556,0.0,0.3535,0.3535,nan,1.4636,0.015
NW_006804156.1,1500001,2250000,1914323,38,5.0,5.0,5.0,0.0,0.0,2.0,0.0,0.0,0.7111,0.0,0.0,0.707,nan,nan,0.0189
NW_006804159.1,1,750000,430393,34,2.0,2.0,2.0,0.0,0.0,2.0,0.0,0.0,0.6667,0.0,0.0,0.707,nan,nan,-0.1839
NW_006804159.1,750001,1500000,1057578,40,3.0,3.0,3.0,1.0,0.0,0.0,0.5556,0.0,0.0,0.3535,0.0,0.0,1.4636,nan,nan
NW_006804159.1,1500001,2250000,1901990,41,4.0,4.0,4.0,4.0,0.0,0.0,1.9778,0.0,0.0,1.4139,0.0,0.0,1.531,nan,nan
NW_006804159.1,2250001,3000000,2637867,33,2.0,2.0,2.0,1.0,0.0,1.0,0.5333,0.0,0.2,0.3535,0.0,0.3535,1.3027,nan,-1.1117
NW_006804160.1,1,750000,333825,32,3.0,3.0,3.0,3.0,0.0,0.0,0.9556,0.0,0.0,1.0605,0.0,0.0,-0.3559,nan,nan
NW_006804160.1,750001,1500000,1126641,33,7.0,7.0,7.0,4.0,0.0,2.0,1.2222,0.0,0.7333,1.4139,0.0,0.707,-0.5206,nan,0.1203
NW_006804160.1,2250001,3000000,2627409,34,1.0,1.0,1.0,1.0,0.0,0.0,0.3556,0.0,0.0,0.3535,0.0,0.0,0.015,nan,nan
NW_006804161.1,1,750000,441328,31,3.0,3.0,3.0,0.0,2.0,0.0,0.0,0.8889,0.0,0.0,0.707,0.0,nan,0.8302,nan
NW_006804161.1,1500001,2250000,1916443,33,3.0,3.0,3.0,1.0,0.0,0.0,0.5556,0.0,0.0,0.3535,0.0,0.0,1.4636,nan,nan
NW_006804161.1,2250001,3000000,2592094,46,4.0,4.0,4.0,1.0,1.0,0.0,0.2,0.3556,0.0,0.3535,0.3535,0.0,-1.1117,0.015,nan
NW_006804162.1,1,750000,378393,36,4.0,4.0,4.0,3.0,0.0,1.0,0.8667,0.0,0.2,1.0605,0.0,0.3535,-0.6575,nan,-1.1117
NW_006804162.1,1500001,2250000,1870524,36,5.0,5.0,5.0,2.0,2.0,3.0,0.5556,0.7111,0.6,0.707,0.707,1.0605,-0.691,0.0189,-1.5622
NW_006804163.1,1500001,2250000,1947268,31,4.0,4.0,4.0,3.0,1.0,2.0,1.4667,0.5556,1.0222,1.0605,0.3535,0.707,1.3782,1.4636,1.4386
NW_006804164.1,750001,1500000,1128237,31,4.0,4.0,4.0,2.0,1.0,1.0,0.9111,0.2,0.3556,0.707,0.3535,0.3535,0.9316,-1.1117,0.015
NW_006804164.1,1500001,2250000,1872492,32,4.0,4.0,4.0,1.0,1.0,0.0,0.2,0.4667,0.0,0.3535,0.3535,0.0,-1.1117,0.8198,nan
NW_006804165.1,1,750000,332154,38,2.0,2.0,2.0,1.0,0.0,0.0,0.2,0.0,0.0,0.3535,0.0,0.0,-1.1117,nan,nan
NW_006804166.1,1,750000,360710,37,2.0,2.0,2.0,1.0,0.0,1.0,0.2,0.0,0.4667,0.3535,0.0,0.3535,-1.1117,nan,0.8198
NW_006804166.1,1500001,2250000,1890451,33,6.0,6.0,6.0,3.0,0.0,3.0,1.0222,0.0,0.7556,1.0605,0.0,1.0605,-0.1297,nan,-1.0345
NW_006804169.1,750001,1500000,1180439,30,3.0,3.0,3.0,0.0,0.0,1.0,0.0,0.0,0.3556,0.0,0.0,0.3535,nan,nan,0.015
NW_006804169.1,1500001,2250000,1867075,36,5.0,5.0,5.0,1.0,3.0,2.0,0.3556,0.9333,0.5556,0.3535,1.0605,0.707,0.015,-0.4313,-0.691
NW_006804169.1,3000001,3750000,3265460,30,5.0,5.0,5.0,4.0,0.0,0.0,1.5556,0.0,0.0,1.4139,0.0,0.0,0.3845,nan,nan
NW_006804170.1,2250001,3000000,2632561,40,5.0,5.0,5.0,1.0,0.0,1.0,0.3556,0.0,0.3556,0.3535,0.0,0.3535,0.015,nan,0.015
NW_006804171.1,1,750000,364227,34,6.0,6.0,6.0,3.0,2.0,2.0,1.0889,0.9111,0.4,1.0605,0.707,0.707,0.0965,0.9316,-1.4009
NW_006804171.1,750001,1500000,1115798,35,2.0,2.0,2.0,1.0,0.0,0.0,0.4667,0.0,0.0,0.3535,0.0,0.0,0.8198,nan,nan
NW_006804171.1,1500001,2250000,1821880,36,0.0,0.0,0.0,nan,nan,nan,nan,nan,nan,nan,nan,nan,nan,nan,nan
NW_006804171.1,2250001,3000000,2542505,33,1.0,1.0,1.0,1.0,0.0,0.0,0.3556,0.0,0.0,0.3535,0.0,0.0,0.015,nan,nan
NW_006804172.1,2250001,3000000,2596666,31,2.0,2.0,2.0,0.0,1.0,1.0,0.0,0.2,0.3556,0.0,0.3535,0.3535,nan,-1.1117,0.015
NW_006804173.1,1,750000,326812,43,4.0,4.0,4.0,1.0,0.0,2.0,0.3556,0.0,0.4,0.3535,0.0,0.707,0.015,nan,-1.4009
NW_006804173.1,2250001,3000000,2652129,40,2.0,2.0,2.0,2.0,0.0,0.0,1.0,0.0,0.0,0.707,0.0,0.0,1.3372,nan,nan
NW_006804175.1,1,750000,368629,30,4.0,4.0,4.0,1.0,1.0,1.0,0.3556,0.4667,0.2,0.3535,0.3535,0.3535,0.015,0.8198,-1.1117
NW_006804175.1,750001,1500000,1150296,41,4.0,4.0,4.0,2.0,1.0,0.0,0.8222,0.5556,0.0,0.707,0.3535,0.0,0.5259,1.4636,nan
NW_006804175.1,1500001,2250000,1891264,43,4.0,4.0,4.0,0.0,2.0,2.0,0.0,1.0,0.5556,0.0,0.707,0.707,nan,1.3372,-0.691
NW_006804175.1,2250001,3000000,2599295,40,3.0,3.0,3.0,1.0,0.0,2.0,0.2,0.0,0.4,0.3535,0.0,0.707,-1.1117,nan,-1.4009
NW_006804176.1,750001,1500000,1147946,46,8.0,8.0,8.0,4.0,0.0,2.0,1.1111,0.0,0.7111,1.4139,0.0,0.707,-0.8223,nan,0.0189
NW_006804176.1,1500001,2250000,1878492,36,1.0,1.0,1.0,0.0,0.0,0.0,0.0,0.0,0.0,0.0,0.0,0.0,nan,nan,nan
NW_006804176.1,2250001,3000000,2625145,41,5.0,5.0,5.0,2.0,0.0,1.0,0.4,0.0,0.4667,0.707,0.0,0.3535,-1.4009,nan,0.8198
NW_006804177.1,750001,1500000,1224645,31,1.0,1.0,1.0,0.0,0.0,0.0,0.0,0.0,0.0,0.0,0.0,0.0,nan,nan,nan
NW_006804177.1,1500001,2250000,1859405,33,1.0,1.0,1.0,0.0,0.0,0.0,0.0,0.0,0.0,0.0,0.0,0.0,nan,nan,nan
NW_006804179.1,1500001,2250000,1917304,37,2.0,2.0,2.0,1.0,0.0,1.0,0.3556,0.0,0.4667,0.3535,0.0,0.3535,0.015,nan,0.8198
NW_006804179.1,2250001,3000000,2700998,31,2.0,2.0,2.0,0.0,0.0,0.0,0.0,0.0,0.0,0.0,0.0,0.0,nan,nan,nan
NW_006804181.1,2250001,3000000,2669994,35,3.0,3.0,3.0,1.0,0.0,1.0,0.2,0.0,0.3556,0.3535,0.0,0.3535,-1.1117,nan,0.015
NW_006804182.1,1500001,2250000,1820854,31,1.0,1.0,1.0,1.0,0.0,0.0,0.2,0.0,0.0,0.3535,0.0,0.0,-1.1117,nan,nan
NW_006804183.1,750001,1500000,1111259,32,1.0,1.0,1.0,1.0,0.0,0.0,0.2,0.0,0.0,0.3535,0.0,0.0,-1.1117,nan,nan
NW_006804184.1,750001,1500000,1065873,32,3.0,3.0,3.0,2.0,0.0,0.0,0.9333,0.0,0.0,0.707,0.0,0.0,1.033,nan,nan
NW_006804184.1,1500001,2250000,1866893,33,5.0,5.0,5.0,2.0,0.0,1.0,0.9333,0.0,0.5333,0.707,0.0,0.3535,1.033,nan,1.3027
NW_006804184.1,2250001,3000000,2619912,31,5.0,5.0,5.0,2.0,1.0,2.0,0.9111,0.2,0.7333,0.707,0.3535,0.707,0.9316,-1.1117,0.1203
NW_006804185.1,1500001,2250000,1848642,34,2.0,2.0,2.0,0.0,2.0,0.0,0.0,0.5556,0.0,0.0,0.707,0.0,nan,-0.691,nan
NW_006804185.1,2250001,3000000,2599323,32,3.0,3.0,3.0,2.0,0.0,1.0,0.5556,0.0,0.4667,0.707,0.0,0.3535,-0.691,nan,0.8198
NW_006804186.1,1,750000,390399,41,5.0,5.0,5.0,2.0,2.0,2.0,0.5556,0.5556,0.8889,0.707,0.707,0.707,-0.691,-0.691,0.8302
NW_006804186.1,750001,1500000,1154861,38,4.0,4.0,4.0,0.0,1.0,1.0,0.0,0.4667,0.4667,0.0,0.3535,0.3535,nan,0.8198,0.8198
NW_006804186.1,1500001,2250000,1865049,34,3.0,3.0,3.0,1.0,0.0,1.0,0.2,0.0,0.4667,0.3535,0.0,0.3535,-1.1117,nan,0.8198
NW_006804186.1,2250001,3000000,2615611,34,3.0,3.0,3.0,0.0,0.0,1.0,0.0,0.0,0.5333,0.0,0.0,0.3535,nan,nan,1.3027
NW_006804187.1,1,750000,419798,33,2.0,2.0,2.0,1.0,0.0,0.0,0.2,0.0,0.0,0.3535,0.0,0.0,-1.1117,nan,nan
NW_006804187.1,1500001,2250000,1870001,34,3.0,3.0,3.0,3.0,0.0,0.0,0.9556,0.0,0.0,1.0605,0.0,0.0,-0.3559,nan,nan
NW_006804188.1,750001,1500000,1130613,43,2.0,2.0,2.0,1.0,0.0,1.0,0.2,0.0,0.4667,0.3535,0.0,0.3535,-1.1117,nan,0.8198
NW_006804188.1,1500001,2250000,1874983,35,3.0,3.0,3.0,0.0,3.0,0.0,0.0,1.0889,0.0,0.0,1.0605,0.0,nan,0.0965,nan
NW_006804188.1,2250001,3000000,2632144,31,2.0,2.0,2.0,1.0,0.0,1.0,0.3556,0.0,0.5333,0.3535,0.0,0.3535,0.015,nan,1.3027
NW_006804189.1,750001,1500000,1172967,34,1.0,1.0,1.0,0.0,1.0,0.0,0.0,0.5556,0.0,0.0,0.3535,0.0,nan,1.4636,nan
NW_006804189.1,1500001,2250000,1845526,36,1.0,1.0,1.0,0.0,1.0,1.0,0.0,0.2,0.4667,0.0,0.3535,0.3535,nan,-1.1117,0.8198
NW_006804189.1,2250001,3000000,2606554,36,1.0,1.0,1.0,0.0,1.0,0.0,0.0,0.5333,0.0,0.0,0.3535,0.0,nan,1.3027,nan
NW_006804190.1,750001,1500000,1161991,34,4.0,4.0,4.0,0.0,1.0,1.0,0.0,0.3556,0.2,0.0,0.3535,0.3535,nan,0.015,-1.1117
NW_006804190.1,1500001,2250000,1900536,41,3.0,3.0,3.0,2.0,0.0,1.0,0.8889,0.0,0.2,0.707,0.0,0.3535,0.8302,nan,-1.1117
NW_006804190.1,2250001,3000000,2619731,38,3.0,3.0,3.0,0.0,1.0,1.0,0.0,0.5333,0.3556,0.0,0.3535,0.3535,nan,1.3027,0.015
NW_006804192.1,750001,1500000,1178977,33,2.0,2.0,2.0,2.0,0.0,0.0,0.6667,0.0,0.0,0.707,0.0,0.0,-0.1839,nan,nan
NW_006804193.1,1,750000,331498,34,4.0,4.0,4.0,2.0,0.0,2.0,0.7111,0.0,1.0222,0.707,0.0,0.707,0.0189,nan,1.4386
NW_006804193.1,750001,1500000,1119721,30,4.0,4.0,4.0,0.0,1.0,2.0,0.0,0.5556,0.5556,0.0,0.3535,0.707,nan,1.4636,-0.691
NW_006804193.1,1500001,2250000,1924619,32,2.0,2.0,2.0,2.0,1.0,0.0,0.4,0.2,0.0,0.707,0.3535,0.0,-1.4009,-1.1117,nan
NW_006804193.1,2250001,3000000,2575933,38,6.0,6.0,6.0,4.0,3.0,1.0,1.5556,0.7556,0.3556,1.4139,1.0605,0.3535,0.3845,-1.0345,0.015
NW_006804194.1,1,750000,399276,32,0.0,0.0,0.0,nan,nan,nan,nan,nan,nan,nan,nan,nan,nan,nan,nan
NW_006804194.1,1500001,2250000,1885254,30,5.0,5.0,5.0,4.0,0.0,2.0,0.9556,0.0,0.7333,1.4139,0.0,0.707,-1.2447,nan,0.1203
NW_006804194.1,2250001,3000000,2594084,30,2.0,2.0,2.0,0.0,0.0,1.0,0.0,0.0,0.3556,0.0,0.0,0.3535,nan,nan,0.015
NW_006804195.1,1,750000,421595,39,1.0,1.0,1.0,0.0,0.0,1.0,0.0,0.0,0.3556,0.0,0.0,0.3535,nan,nan,0.015
NW_006804195.1,750001,1500000,1169015,47,3.0,3.0,3.0,2.0,0.0,0.0,0.7556,0.0,0.0,0.707,0.0,0.0,0.2217,nan,nan
NW_006804195.1,1500001,2250000,1894462,38,1.0,1.0,1.0,1.0,0.0,0.0,0.2,0.0,0.0,0.3535,0.0,0.0,-1.1117,nan,nan
NW_006804196.1,1,750000,357263,33,4.0,4.0,4.0,1.0,0.0,2.0,0.2,0.0,0.4,0.3535,0.0,0.707,-1.1117,nan,-1.4009
NW_006804196.1,750001,1500000,1096828,40,6.0,6.0,6.0,3.0,3.0,0.0,1.1111,1.1333,0.0,1.0605,1.0605,0.0,0.1719,0.2473,nan
NW_006804196.1,1500001,2250000,1915535,44,4.0,4.0,4.0,1.0,0.0,1.0,0.5556,0.0,0.3556,0.3535,0.0,0.3535,1.4636,nan,0.015
NW_006804197.1,1,750000,377461,38,1.0,1.0,1.0,0.0,0.0,0.0,0.0,0.0,0.0,0.0,0.0,0.0,nan,nan,nan
NW_006804197.1,750001,1500000,1097922,51,3.0,3.0,3.0,1.0,1.0,0.0,0.4667,0.5333,0.0,0.3535,0.3535,0.0,0.8198,1.3027,nan
NW_006804197.1,1500001,2250000,1892829,47,5.0,5.0,5.0,3.0,1.0,0.0,1.0889,0.2,0.0,1.0605,0.3535,0.0,0.0965,-1.1117,nan
NW_006804197.1,2250001,3000000,2632007,36,0.0,0.0,0.0,nan,nan,nan,nan,nan,nan,nan,nan,nan,nan,nan,nan
NW_006804198.1,750001,1500000,1179711,30,6.0,6.0,6.0,4.0,1.0,0.0,1.7556,0.2,0.0,1.4139,0.3535,0.0,0.9276,-1.1117,nan
NW_006804198.1,1500001,2250000,1914817,36,2.0,2.0,2.0,1.0,0.0,0.0,0.5556,0.0,0.0,0.3535,0.0,0.0,1.4636,nan,nan
NW_006804199.1,1,750000,414122,37,1.0,1.0,1.0,0.0,0.0,1.0,0.0,0.0,0.2,0.0,0.0,0.3535,nan,nan,-1.1117
NW_006804199.1,750001,1500000,1166811,36,1.0,1.0,1.0,0.0,0.0,1.0,0.0,0.0,0.2,0.0,0.0,0.3535,nan,nan,-1.1117
NW_006804199.1,1500001,2250000,1903745,42,4.0,4.0,4.0,0.0,0.0,3.0,0.0,0.0,1.0889,0.0,0.0,1.0605,nan,nan,0.0965
NW_006804200.1,1,750000,320970,37,1.0,1.0,1.0,0.0,0.0,0.0,0.0,0.0,0.0,0.0,0.0,0.0,nan,nan,nan
NW_006804200.1,2250001,3000000,2631052,35,3.0,3.0,3.0,1.0,1.0,0.0,0.3556,0.5333,0.0,0.3535,0.3535,0.0,0.015,1.3027,nan
NW_006804201.1,750001,1500000,1047974,30,2.0,2.0,2.0,1.0,0.0,0.0,0.4667,0.0,0.0,0.3535,0.0,0.0,0.8198,nan,nan
NW_006804202.1,1,750000,441141,32,1.0,1.0,1.0,0.0,0.0,1.0,0.0,0.0,0.5333,0.0,0.0,0.3535,nan,nan,1.3027
NW_006804202.1,750001,1500000,1069306,34,1.0,1.0,1.0,0.0,0.0,0.0,0.0,0.0,0.0,0.0,0.0,0.0,nan,nan,nan
NW_006804202.1,1500001,2250000,1845675,43,1.0,1.0,1.0,1.0,0.0,0.0,0.5333,0.0,0.0,0.3535,0.0,0.0,1.3027,nan,nan
NW_006804202.1,2250001,3000000,2601588,30,2.0,2.0,2.0,2.0,0.0,0.0,0.7556,0.0,0.0,0.707,0.0,0.0,0.2217,nan,nan
NW_006804203.1,1,750000,370485,35,1.0,1.0,1.0,1.0,0.0,0.0,0.5556,0.0,0.0,0.3535,0.0,0.0,1.4636,nan,nan
NW_006804204.1,1,750000,350543,37,5.0,5.0,5.0,1.0,1.0,1.0,0.5556,0.2,0.3556,0.3535,0.3535,0.3535,1.4636,-1.1117,0.015
NW_006804204.1,750001,1500000,1200640,37,2.0,2.0,2.0,0.0,0.0,0.0,0.0,0.0,0.0,0.0,0.0,0.0,nan,nan,nan
NW_006804204.1,1500001,2250000,1869692,30,1.0,1.0,1.0,0.0,0.0,0.0,0.0,0.0,0.0,0.0,0.0,0.0,nan,nan,nan
NW_006804206.1,750001,1500000,1154536,32,6.0,6.0,6.0,2.0,0.0,0.0,0.8222,0.0,0.0,0.707,0.0,0.0,0.5259,nan,nan
NW_006804206.1,1500001,2250000,1847274,44,4.0,4.0,4.0,1.0,2.0,1.0,0.4667,0.6667,0.3556,0.3535,0.707,0.3535,0.8198,-0.1839,0.015
NW_006804206.1,2250001,3000000,2587142,31,2.0,2.0,2.0,0.0,0.0,0.0,0.0,0.0,0.0,0.0,0.0,0.0,nan,nan,nan
NW_006804208.1,1,750000,399174,32,3.0,3.0,3.0,0.0,1.0,1.0,0.0,0.2,0.2,0.0,0.3535,0.3535,nan,-1.1117,-1.1117
NW_006804208.1,750001,1500000,1005901,32,1.0,1.0,1.0,0.0,0.0,0.0,0.0,0.0,0.0,0.0,0.0,0.0,nan,nan,nan
NW_006804208.1,1500001,2250000,1866171,44,3.0,3.0,3.0,3.0,0.0,0.0,0.7556,0.0,0.0,1.0605,0.0,0.0,-1.0345,nan,nan
NW_006804208.1,2250001,3000000,2601987,31,4.0,4.0,4.0,0.0,2.0,1.0,0.0,0.4,0.2,0.0,0.707,0.3535,nan,-1.4009,-1.1117
NW_006804209.1,1500001,2250000,1852347,30,5.0,5.0,5.0,0.0,4.0,2.0,0.0,1.2889,0.4,0.0,1.4139,0.707,nan,-0.3396,-1.4009
NW_006804212.1,750001,1500000,1144476,36,3.0,3.0,3.0,0.0,0.0,2.0,0.0,0.0,0.5556,0.0,0.0,0.707,nan,nan,-0.691
NW_006804213.1,1500001,2250000,1879005,30,3.0,3.0,3.0,1.0,0.0,2.0,0.4667,0.0,0.7333,0.3535,0.0,0.707,0.8198,nan,0.1203
NW_006804214.1,1,750000,408038,32,2.0,2.0,2.0,2.0,0.0,0.0,0.7556,0.0,0.0,0.707,0.0,0.0,0.2217,nan,nan
NW_006804214.1,1500001,2250000,1854620,33,5.0,5.0,5.0,1.0,1.0,1.0,0.3556,0.2,0.2,0.3535,0.3535,0.3535,0.015,-1.1117,-1.1117
NW_006804214.1,2250001,3000000,2640240,33,2.0,2.0,2.0,1.0,0.0,0.0,0.4667,0.0,0.0,0.3535,0.0,0.0,0.8198,nan,nan
NW_006804215.1,1500001,2250000,1856264,30,1.0,1.0,1.0,0.0,0.0,1.0,0.0,0.0,0.4667,0.0,0.0,0.3535,nan,nan,0.8198
NW_006804216.1,1,750000,294842,36,3.0,3.0,3.0,0.0,1.0,1.0,0.0,0.2,0.3556,0.0,0.3535,0.3535,nan,-1.1117,0.015
NW_006804216.1,750001,1500000,1052315,30,2.0,2.0,2.0,1.0,1.0,0.0,0.4667,0.2,0.0,0.3535,0.3535,0.0,0.8198,-1.1117,nan
NW_006804216.1,1500001,2250000,1875341,39,5.0,5.0,5.0,1.0,1.0,1.0,0.3556,0.3556,0.2,0.3535,0.3535,0.3535,0.015,0.015,-1.1117
NW_006804217.1,1,750000,421827,30,2.0,2.0,2.0,1.0,0.0,1.0,0.2,0.0,0.4667,0.3535,0.0,0.3535,-1.1117,nan,0.8198
NW_006804217.1,750001,1500000,1089104,32,5.0,5.0,5.0,1.0,2.0,1.0,0.2,0.5556,0.2,0.3535,0.707,0.3535,-1.1117,-0.691,-1.1117
NW_006804217.1,1500001,2250000,1875162,35,0.0,0.0,0.0,nan,nan,nan,nan,nan,nan,nan,nan,nan,nan,nan,nan
NW_006804218.1,750001,1500000,1065730,34,6.0,6.0,6.0,4.0,2.0,2.0,1.7333,0.5556,0.5556,1.4139,0.707,0.707,0.8673,-0.691,-0.691
NW_006804218.1,1500001,2250000,1945693,30,0.0,0.0,0.0,nan,nan,nan,nan,nan,nan,nan,nan,nan,nan,nan,nan
NW_006804219.1,1500001,2250000,1875555,33,6.0,6.0,6.0,3.0,1.0,2.0,1.5556,0.2,0.5556,1.0605,0.3535,0.707,1.6797,-1.1117,-0.691
NW_006804220.1,750001,1500000,1103377,31,2.0,2.0,2.0,1.0,0.0,0.0,0.3556,0.0,0.0,0.3535,0.0,0.0,0.015,nan,nan
NW_006804220.1,1500001,2250000,1904690,35,0.0,0.0,0.0,nan,nan,nan,nan,nan,nan,nan,nan,nan,nan,nan,nan
NW_006804221.1,750001,1500000,1167818,37,6.0,6.0,6.0,3.0,2.0,1.0,0.9333,0.4,0.2,1.0605,0.707,0.3535,-0.4313,-1.4009,-1.1117
NW_006804222.1,1,750000,424553,36,3.0,3.0,3.0,3.0,0.0,0.0,0.8667,0.0,0.0,1.0605,0.0,0.0,-0.6575,nan,nan
NW_006804223.1,1,750000,422909,36,1.0,1.0,1.0,0.0,1.0,0.0,0.0,0.2,0.0,0.0,0.3535,0.0,nan,-1.1117,nan
NW_006804223.1,750001,1500000,1068267,31,3.0,3.0,3.0,2.0,1.0,1.0,1.0667,0.2,0.5556,0.707,0.3535,0.3535,1.6415,-1.1117,1.4636
NW_006804223.1,1500001,2250000,1862611,30,5.0,5.0,5.0,2.0,0.0,1.0,0.5556,0.0,0.3556,0.707,0.0,0.3535,-0.691,nan,0.015
NW_006804224.1,1,750000,328755,37,1.0,1.0,1.0,0.0,0.0,0.0,0.0,0.0,0.0,0.0,0.0,0.0,nan,nan,nan
NW_006804224.1,1500001,2250000,1877252,31,3.0,3.0,3.0,3.0,0.0,0.0,0.8667,0.0,0.0,1.0605,0.0,0.0,-0.6575,nan,nan
NW_006804225.1,1,750000,293215,35,6.0,6.0,6.0,1.0,1.0,1.0,0.5556,0.2,0.2,0.3535,0.3535,0.3535,1.4636,-1.1117,-1.1117
NW_006804225.1,750001,1500000,1077559,32,1.0,1.0,1.0,1.0,0.0,0.0,0.2,0.0,0.0,0.3535,0.0,0.0,-1.1117,nan,nan
NW_006804226.1,1,750000,383036,39,3.0,3.0,3.0,1.0,0.0,1.0,0.5333,0.0,0.3556,0.3535,0.0,0.3535,1.3027,nan,0.015
NW_006804226.1,750001,1500000,1120997,38,2.0,2.0,2.0,0.0,0.0,1.0,0.0,0.0,0.2,0.0,0.0,0.3535,nan,nan,-1.1117
NW_006804227.1,1,750000,354862,35,2.0,2.0,2.0,2.0,1.0,0.0,1.0889,0.2,0.0,0.707,0.3535,0.0,1.7429,-1.1117,nan
NW_006804227.1,750001,1500000,1141246,32,0.0,0.0,0.0,nan,nan,nan,nan,nan,nan,nan,nan,nan,nan,nan,nan
NW_006804227.1,1500001,2250000,1838250,34,1.0,1.0,1.0,0.0,0.0,1.0,0.0,0.0,0.5333,0.0,0.0,0.3535,nan,nan,1.3027
NW_006804228.1,1,750000,331448,36,8.0,8.0,8.0,3.0,0.0,1.0,0.6,0.0,0.5333,1.0605,0.0,0.3535,-1.5622,nan,1.3027
NW_006804228.1,750001,1500000,1135058,30,2.0,2.0,2.0,1.0,0.0,1.0,0.2,0.0,0.3556,0.3535,0.0,0.3535,-1.1117,nan,0.015
NW_006804231.1,1,750000,396781,35,5.0,5.0,5.0,4.0,2.0,1.0,1.4444,1.0889,0.5556,1.4139,0.707,0.3535,0.0828,1.7429,1.4636
NW_006804231.1,1500001,2250000,1929887,35,3.0,3.0,3.0,0.0,0.0,2.0,0.0,0.0,1.0,0.0,0.0,0.707,nan,nan,1.3372
NW_006804233.1,1,750000,349865,33,5.0,5.0,5.0,2.0,3.0,3.0,1.0,1.2889,1.4667,0.707,1.0605,1.0605,1.3372,0.775,1.3782
NW_006804233.1,750001,1500000,1158868,32,3.0,3.0,3.0,1.0,0.0,1.0,0.2,0.0,0.2,0.3535,0.0,0.3535,-1.1117,nan,-1.1117
NW_006804235.1,1500001,2250000,1893501,43,4.0,4.0,4.0,0.0,2.0,0.0,0.0,0.4,0.0,0.0,0.707,0.0,nan,-1.4009,nan
NW_006804237.1,750001,1500000,1087010,36,2.0,2.0,2.0,1.0,1.0,0.0,0.2,0.2,0.0,0.3535,0.3535,0.0,-1.1117,-1.1117,nan
NW_006804237.1,1500001,2250000,1885164,31,3.0,3.0,3.0,0.0,0.0,1.0,0.0,0.0,0.2,0.0,0.0,0.3535,nan,nan,-1.1117
NW_006804240.1,750001,1500000,1114278,44,3.0,3.0,3.0,2.0,1.0,0.0,0.8889,0.2,0.0,0.707,0.3535,0.0,0.8302,-1.1117,nan
NW_006804240.1,1500001,2250000,1901248,40,2.0,2.0,2.0,2.0,0.0,0.0,0.9333,0.0,0.0,0.707,0.0,0.0,1.033,nan,nan
NW_006804241.1,1,750000,426419,33,1.0,1.0,1.0,1.0,0.0,0.0,0.2,0.0,0.0,0.3535,0.0,0.0,-1.1117,nan,nan
NW_006804242.1,750001,1500000,1096076,34,2.0,2.0,2.0,1.0,0.0,0.0,0.5556,0.0,0.0,0.3535,0.0,0.0,1.4636,nan,nan
NW_006804243.1,750001,1500000,1027074,37,6.0,6.0,6.0,4.0,1.0,2.0,1.1556,0.3556,0.8889,1.4139,0.3535,0.707,-0.7016,0.015,0.8302
NW_006804244.1,1,750000,354935,30,5.0,5.0,5.0,3.0,1.0,1.0,1.2,0.2,0.2,1.0605,0.3535,0.3535,0.4734,-1.1117,-1.1117
NW_006804246.1,1,750000,442167,31,2.0,2.0,2.0,1.0,0.0,1.0,0.2,0.0,0.2,0.3535,0.0,0.3535,-1.1117,nan,-1.1117
NW_006804247.1,750001,1500000,1214199,34,4.0,4.0,4.0,2.0,0.0,1.0,1.0,0.0,0.2,0.707,0.0,0.3535,1.3372,nan,-1.1117
NW_006804247.1,1500001,2250000,1824784,33,3.0,3.0,3.0,1.0,0.0,0.0,0.3556,0.0,0.0,0.3535,0.0,0.0,0.015,nan,nan
NW_006804248.1,1,750000,352478,43,4.0,4.0,4.0,1.0,1.0,0.0,0.2,0.2,0.0,0.3535,0.3535,0.0,-1.1117,-1.1117,nan
NW_006804248.1,1500001,2250000,1886899,40,1.0,1.0,1.0,0.0,1.0,0.0,0.0,0.5333,0.0,0.0,0.3535,0.0,nan,1.3027,nan
NW_006804249.1,1,750000,381411,32,3.0,3.0,3.0,1.0,1.0,0.0,0.2,0.4667,0.0,0.3535,0.3535,0.0,-1.1117,0.8198,nan
NW_006804249.1,750001,1500000,1124250,38,4.0,4.0,4.0,2.0,0.0,0.0,0.6667,0.0,0.0,0.707,0.0,0.0,-0.1839,nan,nan
NW_006804249.1,1500001,2250000,1849825,35,2.0,2.0,2.0,1.0,0.0,1.0,0.2,0.0,0.2,0.3535,0.0,0.3535,-1.1117,nan,-1.1117
NW_006804250.1,1,750000,339145,32,1.0,1.0,1.0,0.0,0.0,0.0,0.0,0.0,0.0,0.0,0.0,0.0,nan,nan,nan
NW_006804250.1,750001,1500000,1153934,32,1.0,1.0,1.0,0.0,0.0,1.0,0.0,0.0,0.3556,0.0,0.0,0.3535,nan,nan,0.015
NW_006804250.1,1500001,2250000,1861326,32,7.0,7.0,7.0,3.0,2.0,0.0,0.9111,0.7556,0.0,1.0605,0.707,0.0,-0.5067,0.2217,nan
NW_006804251.1,1,750000,374025,34,4.0,4.0,4.0,1.0,0.0,1.0,0.4667,0.0,0.2,0.3535,0.0,0.3535,0.8198,nan,-1.1117
NW_006804251.1,750001,1500000,1158791,36,2.0,2.0,2.0,0.0,1.0,1.0,0.0,0.4667,0.3556,0.0,0.3535,0.3535,nan,0.8198,0.015
NW_006804252.1,1,750000,441251,39,1.0,1.0,1.0,0.0,0.0,0.0,0.0,0.0,0.0,0.0,0.0,0.0,nan,nan,nan
NW_006804252.1,750001,1500000,1132248,38,2.0,2.0,2.0,1.0,0.0,0.0,0.3556,0.0,0.0,0.3535,0.0,0.0,0.015,nan,nan
NW_006804252.1,1500001,2250000,1917143,37,3.0,3.0,3.0,3.0,0.0,0.0,0.9111,0.0,0.0,1.0605,0.0,0.0,-0.5067,nan,nan
NW_006804253.1,1,750000,445325,33,0.0,0.0,0.0,nan,nan,nan,nan,nan,nan,nan,nan,nan,nan,nan,nan
NW_006804253.1,1500001,2250000,1866405,35,2.0,2.0,2.0,2.0,0.0,0.0,0.4,0.0,0.0,0.707,0.0,0.0,-1.4009,nan,nan
NW_006804255.1,1,750000,387500,31,0.0,0.0,0.0,nan,nan,nan,nan,nan,nan,nan,nan,nan,nan,nan,nan
NW_006804256.1,1,750000,424330,30,2.0,2.0,2.0,0.0,2.0,1.0,0.0,0.9111,0.2,0.0,0.707,0.3535,nan,0.9316,-1.1117
NW_006804256.1,750001,1500000,1187590,32,2.0,2.0,2.0,1.0,2.0,1.0,0.2,0.8222,0.2,0.3535,0.707,0.3535,-1.1117,0.5259,-1.1117
NW_006804256.1,1500001,2250000,1918336,39,1.0,1.0,1.0,0.0,0.0,0.0,0.0,0.0,0.0,0.0,0.0,0.0,nan,nan,nan
NW_006804257.1,1,750000,397149,32,7.0,7.0,7.0,1.0,3.0,2.0,0.5333,0.8667,0.4,0.3535,1.0605,0.707,1.3027,-0.6575,-1.4009
NW_006804257.1,750001,1500000,1136421,32,3.0,3.0,3.0,0.0,0.0,2.0,0.0,0.0,0.5556,0.0,0.0,0.707,nan,nan,-0.691
NW_006804257.1,1500001,2250000,1860214,38,2.0,2.0,2.0,1.0,0.0,0.0,0.5333,0.0,0.0,0.3535,0.0,0.0,1.3027,nan,nan
NW_006804260.1,1,750000,320446,32,3.0,3.0,3.0,1.0,3.0,1.0,0.5333,1.2889,0.5333,0.3535,1.0605,0.3535,1.3027,0.775,1.3027
NW_006804260.1,1500001,2250000,1824446,32,3.0,3.0,3.0,0.0,0.0,2.0,0.0,0.0,0.9333,0.0,0.0,0.707,nan,nan,1.033
NW_006804261.1,1,750000,386068,44,1.0,1.0,1.0,0.0,0.0,1.0,0.0,0.0,0.2,0.0,0.0,0.3535,nan,nan,-1.1117
NW_006804262.1,1,750000,370749,34,3.0,3.0,3.0,0.0,0.0,1.0,0.0,0.0,0.2,0.0,0.0,0.3535,nan,nan,-1.1117
NW_006804262.1,750001,1500000,1113295,31,4.0,4.0,4.0,1.0,0.0,0.0,0.5333,0.0,0.0,0.3535,0.0,0.0,1.3027,nan,nan
NW_006804262.1,1500001,2250000,1941887,35,2.0,2.0,2.0,0.0,2.0,1.0,0.0,0.6667,0.2,0.0,0.707,0.3535,nan,-0.1839,-1.1117
NW_006804263.1,1500001,2250000,1831070,38,1.0,1.0,1.0,0.0,1.0,0.0,0.0,0.3556,0.0,0.0,0.3535,0.0,nan,0.015,nan
NW_006804265.1,750001,1500000,1184478,31,3.0,3.0,3.0,0.0,0.0,1.0,0.0,0.0,0.2,0.0,0.0,0.3535,nan,nan,-1.1117
NW_006804265.1,1500001,2250000,1876936,31,0.0,0.0,0.0,nan,nan,nan,nan,nan,nan,nan,nan,nan,nan,nan,nan
NW_006804269.1,1,750000,407078,31,5.0,5.0,5.0,0.0,1.0,1.0,0.0,0.5333,0.2,0.0,0.3535,0.3535,nan,1.3027,-1.1117
NW_006804269.1,750001,1500000,1148102,30,1.0,1.0,1.0,1.0,1.0,0.0,0.2,0.2,0.0,0.3535,0.3535,0.0,-1.1117,-1.1117,nan
NW_006804269.1,1500001,2250000,1919934,31,6.0,6.0,6.0,3.0,2.0,1.0,1.4667,0.8222,0.3556,1.0605,0.707,0.3535,1.3782,0.5259,0.015
NW_006804270.1,1,750000,301577,32,2.0,2.0,2.0,1.0,1.0,0.0,0.2,0.4667,0.0,0.3535,0.3535,0.0,-1.1117,0.8198,nan
NW_006804270.1,1500001,2250000,1940412,33,3.0,3.0,3.0,0.0,0.0,1.0,0.0,0.0,0.4667,0.0,0.0,0.3535,nan,nan,0.8198
NW_006804272.1,1,750000,358459,33,1.0,1.0,1.0,0.0,0.0,1.0,0.0,0.0,0.2,0.0,0.0,0.3535,nan,nan,-1.1117
NW_006804272.1,750001,1500000,1155872,32,6.0,6.0,6.0,1.0,3.0,2.0,0.5333,1.0222,0.6667,0.3535,1.0605,0.707,1.3027,-0.1297,-0.1839
NW_006804272.1,1500001,2250000,1862578,31,1.0,1.0,1.0,0.0,0.0,0.0,0.0,0.0,0.0,0.0,0.0,0.0,nan,nan,nan
NW_006804273.1,1,750000,472240,32,3.0,3.0,3.0,1.0,0.0,1.0,0.4667,0.0,0.2,0.3535,0.0,0.3535,0.8198,nan,-1.1117
NW_006804273.1,750001,1500000,1068129,38,2.0,2.0,2.0,0.0,1.0,1.0,0.0,0.5333,0.3556,0.0,0.3535,0.3535,nan,1.3027,0.015
NW_006804273.1,1500001,2250000,1851213,33,2.0,2.0,2.0,1.0,0.0,1.0,0.5333,0.0,0.5556,0.3535,0.0,0.3535,1.3027,nan,1.4636
NW_006804274.1,1500001,2250000,1856229,35,1.0,1.0,1.0,0.0,0.0,0.0,0.0,0.0,0.0,0.0,0.0,0.0,nan,nan,nan
NW_006804275.1,750001,1500000,1181371,30,3.0,3.0,3.0,1.0,0.0,1.0,0.3556,0.0,0.3556,0.3535,0.0,0.3535,0.015,nan,0.015
NW_006804276.1,1,750000,370215,35,3.0,3.0,3.0,0.0,2.0,1.0,0.0,0.7333,0.2,0.0,0.707,0.3535,nan,0.1203,-1.1117
NW_006804278.1,1,750000,361972,39,2.0,2.0,2.0,0.0,1.0,1.0,0.0,0.3556,0.3556,0.0,0.3535,0.3535,nan,0.015,0.015
NW_006804278.1,750001,1500000,1141730,44,2.0,2.0,2.0,0.0,1.0,0.0,0.0,0.2,0.0,0.0,0.3535,0.0,nan,-1.1117,nan
NW_006804278.1,1500001,2250000,1841507,30,2.0,2.0,2.0,1.0,0.0,1.0,0.3556,0.0,0.3556,0.3535,0.0,0.3535,0.015,nan,0.015
NW_006804279.1,1,750000,388103,38,3.0,3.0,3.0,1.0,0.0,1.0,0.3556,0.0,0.3556,0.3535,0.0,0.3535,0.015,nan,0.015
NW_006804279.1,750001,1500000,1128210,36,4.0,4.0,4.0,0.0,0.0,0.0,0.0,0.0,0.0,0.0,0.0,0.0,nan,nan,nan
NW_006804279.1,1500001,2250000,1864329,34,3.0,3.0,3.0,0.0,1.0,1.0,0.0,0.4667,0.2,0.0,0.3535,0.3535,nan,0.8198,-1.1117
NW_006804280.1,1500001,2250000,1921912,37,2.0,2.0,2.0,2.0,0.0,1.0,0.7333,0.0,0.2,0.707,0.0,0.3535,0.1203,nan,-1.1117
NW_006804282.1,1,750000,300250,30,2.0,2.0,2.0,0.0,0.0,2.0,0.0,0.0,0.4,0.0,0.0,0.707,nan,nan,-1.4009
NW_006804282.1,750001,1500000,1169406,37,3.0,3.0,3.0,1.0,1.0,0.0,0.4667,0.2,0.0,0.3535,0.3535,0.0,0.8198,-1.1117,nan
NW_006804283.1,1500001,2250000,1885734,34,4.0,4.0,4.0,0.0,1.0,1.0,0.0,0.2,0.2,0.0,0.3535,0.3535,nan,-1.1117,-1.1117
NW_006804284.1,750001,1500000,1162871,36,1.0,1.0,1.0,1.0,0.0,0.0,0.3556,0.0,0.0,0.3535,0.0,0.0,0.015,nan,nan
NW_006804284.1,1500001,2250000,1838064,40,0.0,0.0,0.0,nan,nan,nan,nan,nan,nan,nan,nan,nan,nan,nan,nan
NW_006804285.1,750001,1500000,1110516,32,4.0,4.0,4.0,2.0,1.0,0.0,0.8222,0.2,0.0,0.707,0.3535,0.0,0.5259,-1.1117,nan
NW_006804287.1,1500001,2250000,1901466,32,3.0,3.0,3.0,1.0,0.0,0.0,0.2,0.0,0.0,0.3535,0.0,0.0,-1.1117,nan,nan
NW_006804288.1,750001,1500000,1066554,35,3.0,3.0,3.0,2.0,0.0,0.0,0.7556,0.0,0.0,0.707,0.0,0.0,0.2217,nan,nan
NW_006804288.1,1500001,2250000,1974442,38,3.0,3.0,3.0,1.0,1.0,1.0,0.4667,0.4667,0.2,0.3535,0.3535,0.3535,0.8198,0.8198,-1.1117
NW_006804290.1,750001,1500000,1092998,36,3.0,3.0,3.0,1.0,2.0,0.0,0.5556,0.9333,0.0,0.3535,0.707,0.0,1.4636,1.033,nan
NW_006804290.1,1500001,2250000,1907758,32,2.0,2.0,2.0,0.0,1.0,0.0,0.0,0.4667,0.0,0.0,0.3535,0.0,nan,0.8198,nan
NW_006804295.1,1,750000,332495,30,4.0,4.0,4.0,2.0,0.0,0.0,0.6667,0.0,0.0,0.707,0.0,0.0,-0.1839,nan,nan
NW_006804295.1,750001,1500000,1089896,37,3.0,3.0,3.0,1.0,1.0,0.0,0.2,0.2,0.0,0.3535,0.3535,0.0,-1.1117,-1.1117,nan
NW_006804296.1,1,750000,371546,44,6.0,6.0,6.0,4.0,1.0,2.0,2.0889,0.5333,0.9111,1.4139,0.3535,0.707,1.8327,1.3027,0.9316
NW_006804297.1,1,750000,311185,34,3.0,3.0,3.0,0.0,0.0,1.0,0.0,0.0,0.2,0.0,0.0,0.3535,nan,nan,-1.1117
NW_006804297.1,750001,1500000,1169070,35,3.0,3.0,3.0,0.0,0.0,1.0,0.0,0.0,0.2,0.0,0.0,0.3535,nan,nan,-1.1117
NW_006804298.1,1,750000,385737,34,1.0,1.0,1.0,0.0,0.0,0.0,0.0,0.0,0.0,0.0,0.0,0.0,nan,nan,nan
NW_006804298.1,1500001,2250000,1890919,31,1.0,1.0,1.0,0.0,1.0,1.0,0.0,0.5333,0.2,0.0,0.3535,0.3535,nan,1.3027,-1.1117
NW_006804299.1,1500001,2250000,1896342,36,0.0,0.0,0.0,nan,nan,nan,nan,nan,nan,nan,nan,nan,nan,nan,nan
NW_006804300.1,1500001,2250000,1848652,33,2.0,2.0,2.0,0.0,1.0,1.0,0.0,0.5556,0.2,0.0,0.3535,0.3535,nan,1.4636,-1.1117
NW_006804302.1,1,750000,388707,36,3.0,3.0,3.0,1.0,1.0,2.0,0.3556,0.3556,0.4,0.3535,0.3535,0.707,0.015,0.015,-1.4009
NW_006804302.1,750001,1500000,1103343,34,5.0,5.0,5.0,2.0,1.0,2.0,0.4,0.5333,0.7111,0.707,0.3535,0.707,-1.4009,1.3027,0.0189
NW_006804302.1,1500001,2250000,1760518,33,3.0,3.0,3.0,1.0,0.0,1.0,0.3556,0.0,0.3556,0.3535,0.0,0.3535,0.015,nan,0.015
NW_006804304.1,1,750000,379557,34,3.0,3.0,3.0,0.0,0.0,2.0,0.0,0.0,0.4,0.0,0.0,0.707,nan,nan,-1.4009
NW_006804304.1,750001,1500000,1078973,47,4.0,4.0,4.0,2.0,0.0,1.0,0.7111,0.0,0.5556,0.707,0.0,0.3535,0.0189,nan,1.4636
NW_006804304.1,1500001,2250000,1850351,33,1.0,1.0,1.0,0.0,1.0,0.0,0.0,0.5333,0.0,0.0,0.3535,0.0,nan,1.3027,nan
NW_006804305.1,1,750000,417547,36,2.0,2.0,2.0,0.0,0.0,0.0,0.0,0.0,0.0,0.0,0.0,0.0,nan,nan,nan
NW_006804305.1,750001,1500000,1169756,44,4.0,4.0,4.0,2.0,1.0,2.0,0.4,0.5333,0.6667,0.707,0.3535,0.707,-1.4009,1.3027,-0.1839
NW_006804305.1,1500001,2250000,1817274,38,2.0,2.0,2.0,1.0,0.0,1.0,0.2,0.0,0.5556,0.3535,0.0,0.3535,-1.1117,nan,1.4636
NW_006804306.1,1500001,2250000,1932961,31,3.0,3.0,3.0,0.0,2.0,1.0,0.0,0.4,0.4667,0.0,0.707,0.3535,nan,-1.4009,0.8198
NW_006804308.1,1,750000,353372,32,1.0,1.0,1.0,1.0,0.0,0.0,0.3556,0.0,0.0,0.3535,0.0,0.0,0.015,nan,nan
NW_006804308.1,750001,1500000,1134507,37,2.0,2.0,2.0,1.0,0.0,0.0,0.2,0.0,0.0,0.3535,0.0,0.0,-1.1117,nan,nan
NW_006804308.1,1500001,2250000,1937222,32,4.0,4.0,4.0,2.0,0.0,3.0,0.8889,0.0,0.7556,0.707,0.0,1.0605,0.8302,nan,-1.0345
NW_006804309.1,1,750000,395432,42,3.0,3.0,3.0,2.0,0.0,1.0,0.7556,0.0,0.3556,0.707,0.0,0.3535,0.2217,nan,0.015
NW_006804309.1,750001,1500000,1043111,30,2.0,2.0,2.0,1.0,0.0,0.0,0.3556,0.0,0.0,0.3535,0.0,0.0,0.015,nan,nan
NW_006804309.1,1500001,2250000,1827623,40,3.0,3.0,3.0,0.0,1.0,1.0,0.0,0.2,0.5556,0.0,0.3535,0.3535,nan,-1.1117,1.4636
NW_006804311.1,1500001,2250000,1849509,30,3.0,3.0,3.0,2.0,0.0,0.0,0.4,0.0,0.0,0.707,0.0,0.0,-1.4009,nan,nan
NW_006804312.1,1500001,2250000,1939052,38,4.0,4.0,4.0,3.0,0.0,2.0,0.7556,0.0,0.7333,1.0605,0.0,0.707,-1.0345,nan,0.1203
NW_006804314.1,1500001,2250000,1813686,30,2.0,2.0,2.0,0.0,0.0,2.0,0.0,0.0,0.6667,0.0,0.0,0.707,nan,nan,-0.1839
NW_006804315.1,750001,1500000,1179844,32,3.0,3.0,3.0,1.0,1.0,0.0,0.2,0.2,0.0,0.3535,0.3535,0.0,-1.1117,-1.1117,nan
NW_006804316.1,1500001,2250000,1896450,30,8.0,8.0,8.0,2.0,2.0,2.0,0.6667,1.0,0.5556,0.707,0.707,0.707,-0.1839,1.3372,-0.691
NW_006804317.1,1,750000,337714,32,5.0,5.0,5.0,0.0,1.0,0.0,0.0,0.5333,0.0,0.0,0.3535,0.0,nan,1.3027,nan
NW_006804318.1,1,750000,339629,33,2.0,2.0,2.0,1.0,0.0,1.0,0.3556,0.0,0.2,0.3535,0.0,0.3535,0.015,nan,-1.1117
NW_006804319.1,1500001,2250000,1843661,34,3.0,3.0,3.0,0.0,0.0,1.0,0.0,0.0,0.3556,0.0,0.0,0.3535,nan,nan,0.015
NW_006804320.1,750001,1500000,1151339,34,4.0,4.0,4.0,1.0,1.0,1.0,0.3556,0.2,0.4667,0.3535,0.3535,0.3535,0.015,-1.1117,0.8198
NW_006804320.1,1500001,2250000,1857780,33,2.0,2.0,2.0,1.0,0.0,1.0,0.2,0.0,0.2,0.3535,0.0,0.3535,-1.1117,nan,-1.1117
NW_006804321.1,1,750000,305110,43,4.0,4.0,4.0,1.0,1.0,2.0,0.2,0.2,0.5556,0.3535,0.3535,0.707,-1.1117,-1.1117,-0.691
NW_006804322.1,1,750000,370520,30,2.0,2.0,2.0,1.0,1.0,2.0,0.5333,0.5556,1.0,0.3535,0.3535,0.707,1.3027,1.4636,1.3372
NW_006804322.1,750001,1500000,1098182,36,3.0,3.0,3.0,0.0,2.0,1.0,0.0,0.6667,0.2,0.0,0.707,0.3535,nan,-0.1839,-1.1117
NW_006804324.1,1,750000,426026,45,4.0,4.0,4.0,1.0,1.0,0.0,0.3556,0.2,0.0,0.3535,0.3535,0.0,0.015,-1.1117,nan
NW_006804324.1,750001,1500000,1117434,37,5.0,5.0,5.0,3.0,0.0,1.0,1.3556,0.0,0.2,1.0605,0.0,0.3535,1.0012,nan,-1.1117
NW_006804325.1,1,750000,353541,32,1.0,1.0,1.0,0.0,0.0,0.0,0.0,0.0,0.0,0.0,0.0,0.0,nan,nan,nan
NW_006804326.1,1,750000,402124,31,4.0,4.0,4.0,2.0,0.0,2.0,0.6667,0.0,0.5556,0.707,0.0,0.707,-0.1839,nan,-0.691
NW_006804327.1,1,750000,341576,31,4.0,4.0,4.0,1.0,0.0,0.0,0.2,0.0,0.0,0.3535,0.0,0.0,-1.1117,nan,nan
NW_006804327.1,1500001,2250000,1874092,30,0.0,0.0,0.0,nan,nan,nan,nan,nan,nan,nan,nan,nan,nan,nan,nan
NW_006804328.1,1500001,2250000,1916853,30,1.0,1.0,1.0,0.0,0.0,0.0,0.0,0.0,0.0,0.0,0.0,0.0,nan,nan,nan
NW_006804329.1,1500001,2250000,1888127,33,1.0,1.0,1.0,0.0,0.0,1.0,0.0,0.0,0.2,0.0,0.0,0.3535,nan,nan,-1.1117
NW_006804330.1,1,750000,350482,37,2.0,2.0,2.0,0.0,0.0,2.0,0.0,0.0,0.5556,0.0,0.0,0.707,nan,nan,-0.691
NW_006804331.1,1,750000,313635,37,2.0,2.0,2.0,0.0,1.0,0.0,0.0,0.3556,0.0,0.0,0.3535,0.0,nan,0.015,nan
NW_006804331.1,750001,1500000,1147238,32,3.0,3.0,3.0,0.0,0.0,1.0,0.0,0.0,0.2,0.0,0.0,0.3535,nan,nan,-1.1117
NW_006804332.1,1,750000,309472,35,3.0,3.0,3.0,0.0,0.0,1.0,0.0,0.0,0.5333,0.0,0.0,0.3535,nan,nan,1.3027
NW_006804332.1,750001,1500000,1097264,43,3.0,3.0,3.0,2.0,0.0,2.0,0.4,0.0,0.4,0.707,0.0,0.707,-1.4009,nan,-1.4009
NW_006804334.1,750001,1500000,1236031,32,3.0,3.0,3.0,3.0,0.0,0.0,1.0222,0.0,0.0,1.0605,0.0,0.0,-0.1297,nan,nan
NW_006804335.1,1,750000,347330,47,3.0,3.0,3.0,2.0,1.0,2.0,0.9111,0.4667,1.1111,0.707,0.3535,0.707,0.9316,0.8198,1.8443
NW_006804335.1,750001,1500000,1121462,40,3.0,3.0,3.0,3.0,0.0,0.0,0.7556,0.0,0.0,1.0605,0.0,0.0,-1.0345,nan,nan
NW_006804335.1,1500001,2250000,1765872,33,3.0,3.0,3.0,0.0,1.0,1.0,0.0,0.5556,0.2,0.0,0.3535,0.3535,nan,1.4636,-1.1117
NW_006804336.1,1,750000,414286,30,1.0,1.0,1.0,1.0,0.0,0.0,0.3556,0.0,0.0,0.3535,0.0,0.0,0.015,nan,nan
NW_006804336.1,750001,1500000,1179659,36,1.0,1.0,1.0,0.0,0.0,0.0,0.0,0.0,0.0,0.0,0.0,0.0,nan,nan,nan
NW_006804337.1,1,750000,362392,30,4.0,4.0,4.0,2.0,0.0,0.0,1.0,0.0,0.0,0.707,0.0,0.0,1.3372,nan,nan
NW_006804338.1,750001,1500000,1153914,37,1.0,1.0,1.0,0.0,1.0,0.0,0.0,0.2,0.0,0.0,0.3535,0.0,nan,-1.1117,nan
NW_006804339.1,1,750000,366900,34,3.0,3.0,3.0,0.0,0.0,2.0,0.0,0.0,0.6667,0.0,0.0,0.707,nan,nan,-0.1839
NW_006804339.1,750001,1500000,1126533,36,3.0,3.0,3.0,1.0,0.0,2.0,0.3556,0.0,0.4,0.3535,0.0,0.707,0.015,nan,-1.4009
NW_006804340.1,750001,1500000,1140840,42,3.0,3.0,3.0,2.0,1.0,1.0,0.4,0.2,0.3556,0.707,0.3535,0.3535,-1.4009,-1.1117,0.015
NW_006804341.1,1,750000,393436,30,2.0,2.0,2.0,0.0,0.0,0.0,0.0,0.0,0.0,0.0,0.0,0.0,nan,nan,nan
NW_006804341.1,1500001,2250000,1797756,40,5.0,5.0,5.0,1.0,0.0,1.0,0.2,0.0,0.2,0.3535,0.0,0.3535,-1.1117,nan,-1.1117
NW_006804342.1,1,750000,384209,38,1.0,1.0,1.0,0.0,0.0,0.0,0.0,0.0,0.0,0.0,0.0,0.0,nan,nan,nan
NW_006804342.1,1500001,2250000,1789282,33,2.0,2.0,2.0,0.0,0.0,2.0,0.0,0.0,0.7556,0.0,0.0,0.707,nan,nan,0.2217
NW_006804344.1,1,750000,400576,34,4.0,4.0,4.0,1.0,1.0,2.0,0.2,0.4667,0.6667,0.3535,0.3535,0.707,-1.1117,0.8198,-0.1839
NW_006804344.1,750001,1500000,1199186,31,5.0,5.0,5.0,1.0,0.0,2.0,0.2,0.0,0.7333,0.3535,0.0,0.707,-1.1117,nan,0.1203
NW_006804345.1,1,750000,379436,40,2.0,2.0,2.0,1.0,0.0,1.0,0.5333,0.0,0.2,0.3535,0.0,0.3535,1.3027,nan,-1.1117
NW_006804345.1,750001,1500000,1165838,33,2.0,2.0,2.0,1.0,0.0,1.0,0.2,0.0,0.2,0.3535,0.0,0.3535,-1.1117,nan,-1.1117
NW_006804346.1,750001,1500000,1135604,32,5.0,5.0,5.0,0.0,0.0,0.0,0.0,0.0,0.0,0.0,0.0,0.0,nan,nan,nan
NW_006804347.1,1,750000,344049,31,2.0,2.0,2.0,0.0,0.0,1.0,0.0,0.0,0.3556,0.0,0.0,0.3535,nan,nan,0.015
NW_006804348.1,1,750000,303607,31,2.0,2.0,2.0,1.0,0.0,0.0,0.2,0.0,0.0,0.3535,0.0,0.0,-1.1117,nan,nan
NW_006804349.1,1,750000,368583,33,2.0,2.0,2.0,0.0,1.0,1.0,0.0,0.3556,0.2,0.0,0.3535,0.3535,nan,0.015,-1.1117
NW_006804349.1,750001,1500000,1167795,33,3.0,3.0,3.0,0.0,1.0,1.0,0.0,0.2,0.3556,0.0,0.3535,0.3535,nan,-1.1117,0.015
NW_006804351.1,1,750000,335722,32,2.0,2.0,2.0,1.0,0.0,1.0,0.2,0.0,0.2,0.3535,0.0,0.3535,-1.1117,nan,-1.1117
NW_006804351.1,750001,1500000,1068625,37,0.0,0.0,0.0,nan,nan,nan,nan,nan,nan,nan,nan,nan,nan,nan,nan
NW_006804351.1,1500001,2250000,1713603,30,5.0,5.0,5.0,1.0,3.0,2.0,0.5556,1.3778,1.0222,0.3535,1.0605,0.707,1.4636,1.0766,1.4386
NW_006804352.1,1,750000,406968,35,1.0,1.0,1.0,1.0,1.0,1.0,0.2,0.2,0.2,0.3535,0.3535,0.3535,-1.1117,-1.1117,-1.1117
NW_006804352.1,750001,1500000,1072354,31,1.0,1.0,1.0,0.0,0.0,0.0,0.0,0.0,0.0,0.0,0.0,0.0,nan,nan,nan
NW_006804353.1,750001,1500000,1039645,38,7.0,7.0,7.0,1.0,2.0,0.0,0.5333,0.4,0.0,0.3535,0.707,0.0,1.3027,-1.4009,nan
NW_006804354.1,1,750000,385627,37,2.0,2.0,2.0,0.0,0.0,1.0,0.0,0.0,0.2,0.0,0.0,0.3535,nan,nan,-1.1117
NW_006804354.1,750001,1500000,1197593,31,5.0,5.0,5.0,1.0,0.0,1.0,0.5556,0.0,0.2,0.3535,0.0,0.3535,1.4636,nan,-1.1117
NW_006804355.1,750001,1500000,1120988,30,3.0,3.0,3.0,0.0,0.0,0.0,0.0,0.0,0.0,0.0,0.0,0.0,nan,nan,nan
NW_006804356.1,1,750000,434904,34,2.0,2.0,2.0,1.0,0.0,0.0,0.5333,0.0,0.0,0.3535,0.0,0.0,1.3027,nan,nan
NW_006804356.1,750001,1500000,1185836,30,1.0,1.0,1.0,1.0,0.0,0.0,0.4667,0.0,0.0,0.3535,0.0,0.0,0.8198,nan,nan
NW_006804358.1,1,750000,342379,32,0.0,0.0,0.0,nan,nan,nan,nan,nan,nan,nan,nan,nan,nan,nan,nan
NW_006804359.1,1,750000,404103,35,2.0,2.0,2.0,1.0,0.0,0.0,0.2,0.0,0.0,0.3535,0.0,0.0,-1.1117,nan,nan
NW_006804360.1,1,750000,399847,35,2.0,2.0,2.0,1.0,1.0,0.0,0.2,0.5333,0.0,0.3535,0.3535,0.0,-1.1117,1.3027,nan
NW_006804360.1,750001,1500000,1074636,46,3.0,3.0,3.0,2.0,0.0,1.0,0.8222,0.0,0.3556,0.707,0.0,0.3535,0.5259,nan,0.015
NW_006804363.1,1,750000,427656,35,4.0,4.0,4.0,1.0,0.0,1.0,0.3556,0.0,0.5333,0.3535,0.0,0.3535,0.015,nan,1.3027
NW_006804364.1,750001,1500000,1040644,30,0.0,0.0,0.0,nan,nan,nan,nan,nan,nan,nan,nan,nan,nan,nan,nan
NW_006804364.1,1500001,2250000,1804936,35,4.0,4.0,4.0,2.0,1.0,1.0,0.4,0.2,0.2,0.707,0.3535,0.3535,-1.4009,-1.1117,-1.1117
NW_006804366.1,1,750000,359663,32,2.0,2.0,2.0,1.0,0.0,0.0,0.5333,0.0,0.0,0.3535,0.0,0.0,1.3027,nan,nan
NW_006804366.1,750001,1500000,1077447,31,5.0,5.0,5.0,0.0,2.0,1.0,0.0,0.4,0.3556,0.0,0.707,0.3535,nan,-1.4009,0.015
NW_006804367.1,750001,1500000,1131543,41,1.0,1.0,1.0,0.0,0.0,1.0,0.0,0.0,0.2,0.0,0.0,0.3535,nan,nan,-1.1117
NW_006804368.1,1,750000,375792,32,3.0,3.0,3.0,2.0,0.0,1.0,0.6667,0.0,0.5333,0.707,0.0,0.3535,-0.1839,nan,1.3027
NW_006804369.1,750001,1500000,1069931,35,2.0,2.0,2.0,1.0,2.0,0.0,0.2,0.7111,0.0,0.3535,0.707,0.0,-1.1117,0.0189,nan
NW_006804370.1,750001,1500000,1139797,30,4.0,4.0,4.0,2.0,0.0,0.0,0.4,0.0,0.0,0.707,0.0,0.0,-1.4009,nan,nan
NW_006804371.1,750001,1500000,1084035,36,1.0,1.0,1.0,1.0,0.0,0.0,0.3556,0.0,0.0,0.3535,0.0,0.0,0.015,nan,nan
NW_006804372.1,1,750000,367000,41,6.0,6.0,6.0,1.0,3.0,0.0,0.5556,1.2667,0.0,0.3535,1.0605,0.0,1.4636,0.6996,nan
NW_006804373.1,750001,1500000,1143310,40,3.0,3.0,3.0,2.0,0.0,1.0,0.7111,0.0,0.4667,0.707,0.0,0.3535,0.0189,nan,0.8198
NW_006804374.1,1,750000,431261,33,1.0,1.0,1.0,0.0,0.0,0.0,0.0,0.0,0.0,0.0,0.0,0.0,nan,nan,nan
NW_006804374.1,750001,1500000,1170167,34,1.0,1.0,1.0,0.0,0.0,1.0,0.0,0.0,0.2,0.0,0.0,0.3535,nan,nan,-1.1117
NW_006804375.1,750001,1500000,1116565,34,2.0,2.0,2.0,1.0,0.0,0.0,0.2,0.0,0.0,0.3535,0.0,0.0,-1.1117,nan,nan
NW_006804376.1,750001,1500000,1169370,32,1.0,1.0,1.0,0.0,0.0,1.0,0.0,0.0,0.2,0.0,0.0,0.3535,nan,nan,-1.1117
NW_006804377.1,1,750000,407334,30,0.0,0.0,0.0,nan,nan,nan,nan,nan,nan,nan,nan,nan,nan,nan,nan
NW_006804377.1,750001,1500000,1074704,37,3.0,3.0,3.0,2.0,0.0,1.0,0.7111,0.0,0.4667,0.707,0.0,0.3535,0.0189,nan,0.8198
NW_006804378.1,750001,1500000,1113031,37,2.0,2.0,2.0,1.0,0.0,1.0,0.2,0.0,0.4667,0.3535,0.0,0.3535,-1.1117,nan,0.8198
NW_006804379.1,1,750000,350898,48,4.0,4.0,4.0,2.0,1.0,0.0,0.9333,0.4667,0.0,0.707,0.3535,0.0,1.033,0.8198,nan
NW_006804379.1,750001,1500000,1100320,32,4.0,4.0,4.0,1.0,1.0,1.0,0.4667,0.5556,0.2,0.3535,0.3535,0.3535,0.8198,1.4636,-1.1117
NW_006804381.1,1,750000,402481,37,0.0,0.0,0.0,nan,nan,nan,nan,nan,nan,nan,nan,nan,nan,nan,nan
NW_006804381.1,750001,1500000,1131005,40,2.0,2.0,2.0,0.0,1.0,0.0,0.0,0.3556,0.0,0.0,0.3535,0.0,nan,0.015,nan
NW_006804382.1,750001,1500000,1096167,34,2.0,2.0,2.0,0.0,0.0,0.0,0.0,0.0,0.0,0.0,0.0,0.0,nan,nan,nan
NW_006804383.1,1,750000,378408,36,2.0,2.0,2.0,1.0,0.0,0.0,0.3556,0.0,0.0,0.3535,0.0,0.0,0.015,nan,nan
NW_006804386.1,1,750000,457123,33,4.0,4.0,4.0,1.0,0.0,0.0,0.2,0.0,0.0,0.3535,0.0,0.0,-1.1117,nan,nan
NW_006804386.1,750001,1500000,1214921,31,1.0,1.0,1.0,0.0,1.0,0.0,0.0,0.5333,0.0,0.0,0.3535,0.0,nan,1.3027,nan
NW_006804387.1,1,750000,323102,33,2.0,2.0,2.0,1.0,0.0,1.0,0.4667,0.0,0.3556,0.3535,0.0,0.3535,0.8198,nan,0.015
NW_006804387.1,750001,1500000,1114508,30,3.0,3.0,3.0,0.0,1.0,2.0,0.0,0.2,0.7556,0.0,0.3535,0.707,nan,-1.1117,0.2217
NW_006804388.1,1,750000,436518,30,4.0,4.0,4.0,2.0,2.0,0.0,0.8889,0.6667,0.0,0.707,0.707,0.0,0.8302,-0.1839,nan
NW_006804389.1,1,750000,305370,37,1.0,1.0,1.0,0.0,0.0,0.0,0.0,0.0,0.0,0.0,0.0,0.0,nan,nan,nan
NW_006804391.1,750001,1500000,1128619,44,2.0,2.0,2.0,1.0,1.0,1.0,0.2,0.3556,0.3556,0.3535,0.3535,0.3535,-1.1117,0.015,0.015
NW_006804393.1,1,750000,381573,31,2.0,2.0,2.0,1.0,1.0,0.0,0.4667,0.4667,0.0,0.3535,0.3535,0.0,0.8198,0.8198,nan
NW_006804399.1,1,750000,378202,30,6.0,6.0,6.0,2.0,2.0,2.0,0.8889,0.4,0.4,0.707,0.707,0.707,0.8302,-1.4009,-1.4009
NW_006804399.1,750001,1500000,1183451,33,1.0,1.0,1.0,0.0,0.0,0.0,0.0,0.0,0.0,0.0,0.0,0.0,nan,nan,nan
NW_006804400.1,750001,1500000,1105535,36,1.0,1.0,1.0,0.0,1.0,0.0,0.0,0.5333,0.0,0.0,0.3535,0.0,nan,1.3027,nan
NW_006804403.1,1,750000,422670,34,5.0,5.0,5.0,2.0,1.0,0.0,0.4,0.2,0.0,0.707,0.3535,0.0,-1.4009,-1.1117,nan
NW_006804403.1,750001,1500000,1047289,33,6.0,6.0,6.0,0.0,1.0,1.0,0.0,0.3556,0.2,0.0,0.3535,0.3535,nan,0.015,-1.1117
NW_006804405.1,1,750000,353054,32,3.0,3.0,3.0,1.0,1.0,0.0,0.5333,0.2,0.0,0.3535,0.3535,0.0,1.3027,-1.1117,nan
NW_006804407.1,1,750000,334637,32,5.0,5.0,5.0,1.0,1.0,0.0,0.3556,0.4667,0.0,0.3535,0.3535,0.0,0.015,0.8198,nan
NW_006804408.1,750001,1500000,1099316,41,3.0,3.0,3.0,2.0,0.0,2.0,1.0667,0.0,0.5556,0.707,0.0,0.707,1.6415,nan,-0.691
NW_006804409.1,1,750000,405781,35,3.0,3.0,3.0,1.0,0.0,0.0,0.5556,0.0,0.0,0.3535,0.0,0.0,1.4636,nan,nan
NW_006804409.1,750001,1500000,1169773,35,2.0,2.0,2.0,2.0,0.0,0.0,0.6667,0.0,0.0,0.707,0.0,0.0,-0.1839,nan,nan
NW_006804410.1,750001,1500000,1112476,41,7.0,7.0,7.0,3.0,2.0,0.0,1.3556,0.6667,0.0,1.0605,0.707,0.0,1.0012,-0.1839,nan
NW_006804414.1,1,750000,405944,36,3.0,3.0,3.0,1.0,1.0,1.0,0.4667,0.2,0.2,0.3535,0.3535,0.3535,0.8198,-1.1117,-1.1117
NW_006804414.1,750001,1500000,1157823,31,2.0,2.0,2.0,0.0,1.0,1.0,0.0,0.3556,0.2,0.0,0.3535,0.3535,nan,0.015,-1.1117
NW_006804416.1,750001,1500000,1127049,43,2.0,2.0,2.0,1.0,0.0,0.0,0.3556,0.0,0.0,0.3535,0.0,0.0,0.015,nan,nan
NW_006804417.1,1,750000,391194,38,3.0,3.0,3.0,0.0,0.0,0.0,0.0,0.0,0.0,0.0,0.0,0.0,nan,nan,nan
NW_006804417.1,750001,1500000,1144008,32,2.0,2.0,2.0,1.0,0.0,0.0,0.2,0.0,0.0,0.3535,0.0,0.0,-1.1117,nan,nan
NW_006804419.1,1,750000,361196,40,5.0,5.0,5.0,2.0,1.0,0.0,0.9333,0.4667,0.0,0.707,0.3535,0.0,1.033,0.8198,nan
NW_006804419.1,750001,1500000,1162756,34,3.0,3.0,3.0,1.0,0.0,1.0,0.3556,0.0,0.5333,0.3535,0.0,0.3535,0.015,nan,1.3027
NW_006804421.1,1,750000,270943,35,1.0,1.0,1.0,0.0,0.0,0.0,0.0,0.0,0.0,0.0,0.0,0.0,nan,nan,nan
NW_006804422.1,1,750000,313801,32,2.0,2.0,2.0,0.0,1.0,1.0,0.0,0.2,0.2,0.0,0.3535,0.3535,nan,-1.1117,-1.1117
NW_006804422.1,750001,1500000,1143383,33,1.0,1.0,1.0,1.0,0.0,0.0,0.2,0.0,0.0,0.3535,0.0,0.0,-1.1117,nan,nan
NW_006804423.1,1,750000,339226,32,5.0,5.0,5.0,0.0,0.0,1.0,0.0,0.0,0.2,0.0,0.0,0.3535,nan,nan,-1.1117
NW_006804423.1,750001,1500000,1141031,34,1.0,1.0,1.0,0.0,1.0,0.0,0.0,0.5333,0.0,0.0,0.3535,0.0,nan,1.3027,nan
NW_006804424.1,1,750000,396080,32,4.0,4.0,4.0,1.0,0.0,1.0,0.2,0.0,0.3556,0.3535,0.0,0.3535,-1.1117,nan,0.015
NW_006804424.1,750001,1500000,1192427,31,1.0,1.0,1.0,0.0,0.0,1.0,0.0,0.0,0.2,0.0,0.0,0.3535,nan,nan,-1.1117
NW_006804425.1,750001,1500000,1184760,46,4.0,4.0,4.0,3.0,1.0,1.0,0.7556,0.5556,0.2,1.0605,0.3535,0.3535,-1.0345,1.4636,-1.1117
NW_006804426.1,1,750000,445293,31,1.0,1.0,1.0,0.0,0.0,1.0,0.0,0.0,0.2,0.0,0.0,0.3535,nan,nan,-1.1117
NW_006804426.1,750001,1500000,1111619,34,1.0,1.0,1.0,1.0,0.0,0.0,0.2,0.0,0.0,0.3535,0.0,0.0,-1.1117,nan,nan
NW_006804427.1,1,750000,420569,37,1.0,1.0,1.0,0.0,1.0,0.0,0.0,0.2,0.0,0.0,0.3535,0.0,nan,-1.1117,nan
NW_006804429.1,1,750000,342884,31,1.0,1.0,1.0,0.0,0.0,0.0,0.0,0.0,0.0,0.0,0.0,0.0,nan,nan,nan
NW_006804429.1,750001,1500000,1092274,34,0.0,0.0,0.0,nan,nan,nan,nan,nan,nan,nan,nan,nan,nan,nan,nan
NW_006804430.1,750001,1500000,1160957,30,1.0,1.0,1.0,0.0,0.0,0.0,0.0,0.0,0.0,0.0,0.0,0.0,nan,nan,nan
NW_006804431.1,1,750000,428920,30,2.0,2.0,2.0,0.0,0.0,1.0,0.0,0.0,0.4667,0.0,0.0,0.3535,nan,nan,0.8198
NW_006804431.1,750001,1500000,1062839,36,4.0,4.0,4.0,0.0,1.0,0.0,0.0,0.2,0.0,0.0,0.3535,0.0,nan,-1.1117,nan
NW_006804433.1,1,750000,323399,31,4.0,4.0,4.0,1.0,2.0,1.0,0.5333,1.0667,0.4667,0.3535,0.707,0.3535,1.3027,1.6415,0.8198
NW_006804433.1,750001,1500000,1140702,49,2.0,2.0,2.0,0.0,0.0,2.0,0.0,0.0,0.9111,0.0,0.0,0.707,nan,nan,0.9316
NW_006804434.1,750001,1500000,1098456,34,2.0,2.0,2.0,0.0,1.0,1.0,0.0,0.2,0.2,0.0,0.3535,0.3535,nan,-1.1117,-1.1117
NW_006804435.1,1,750000,373904,33,4.0,4.0,4.0,1.0,1.0,0.0,0.4667,0.2,0.0,0.3535,0.3535,0.0,0.8198,-1.1117,nan
NW_006804435.1,750001,1500000,1134025,40,2.0,2.0,2.0,0.0,1.0,1.0,0.0,0.3556,0.3556,0.0,0.3535,0.3535,nan,0.015,0.015
NW_006804436.1,1,750000,397443,34,1.0,1.0,1.0,0.0,0.0,1.0,0.0,0.0,0.2,0.0,0.0,0.3535,nan,nan,-1.1117
NW_006804436.1,750001,1500000,1031162,39,1.0,1.0,1.0,1.0,0.0,0.0,0.2,0.0,0.0,0.3535,0.0,0.0,-1.1117,nan,nan
NW_006804441.1,750001,1500000,1109832,31,4.0,4.0,4.0,3.0,1.0,1.0,1.5778,0.5556,0.3556,1.0605,0.3535,0.3535,1.7551,1.4636,0.015
NW_006804443.1,1,750000,366899,31,3.0,3.0,3.0,0.0,2.0,1.0,0.0,0.6667,0.3556,0.0,0.707,0.3535,nan,-0.1839,0.015
NW_006804444.1,1,750000,435290,37,3.0,3.0,3.0,0.0,0.0,1.0,0.0,0.0,0.3556,0.0,0.0,0.3535,nan,nan,0.015
NW_006804444.1,750001,1500000,1118248,33,4.0,4.0,4.0,3.0,0.0,1.0,0.9111,0.0,0.2,1.0605,0.0,0.3535,-0.5067,nan,-1.1117
NW_006804445.1,750001,1500000,1188559,32,1.0,1.0,1.0,0.0,0.0,0.0,0.0,0.0,0.0,0.0,0.0,0.0,nan,nan,nan
NW_006804447.1,750001,1500000,1139093,33,3.0,3.0,3.0,1.0,0.0,1.0,0.4667,0.0,0.2,0.3535,0.0,0.3535,0.8198,nan,-1.1117
NW_006804448.1,1,750000,404799,33,11.0,11.0,11.0,5.0,2.0,3.0,1.8222,0.6667,0.9111,1.7674,0.707,1.0605,0.1243,-0.1839,-0.5067
NW_006804448.1,750001,1500000,1094937,36,1.0,1.0,1.0,0.0,0.0,1.0,0.0,0.0,0.4667,0.0,0.0,0.3535,nan,nan,0.8198
NW_006804451.1,1,750000,417254,30,3.0,3.0,3.0,0.0,1.0,1.0,0.0,0.3556,0.5333,0.0,0.3535,0.3535,nan,0.015,1.3027
NW_006804451.1,750001,1500000,1132649,30,6.0,6.0,6.0,3.0,0.0,2.0,1.0222,0.0,0.5556,1.0605,0.0,0.707,-0.1297,nan,-0.691
NW_006804454.1,1,750000,357638,32,1.0,1.0,1.0,0.0,0.0,0.0,0.0,0.0,0.0,0.0,0.0,0.0,nan,nan,nan
NW_006804455.1,750001,1500000,1101904,31,0.0,0.0,0.0,nan,nan,nan,nan,nan,nan,nan,nan,nan,nan,nan,nan
NW_006804457.1,750001,1500000,1105621,36,3.0,3.0,3.0,2.0,1.0,0.0,0.8222,0.2,0.0,0.707,0.3535,0.0,0.5259,-1.1117,nan
NW_006804458.1,750001,1500000,1178313,31,5.0,5.0,5.0,1.0,1.0,3.0,0.2,0.5333,0.9556,0.3535,0.3535,1.0605,-1.1117,1.3027,-0.3559
NW_006804459.1,750001,1500000,1110809,33,3.0,3.0,3.0,1.0,2.0,0.0,0.5556,0.7111,0.0,0.3535,0.707,0.0,1.4636,0.0189,nan
NW_006804461.1,1,750000,386617,35,3.0,3.0,3.0,0.0,0.0,0.0,0.0,0.0,0.0,0.0,0.0,0.0,nan,nan,nan
NW_006804461.1,750001,1500000,1169410,33,3.0,3.0,3.0,0.0,0.0,2.0,0.0,0.0,0.4,0.0,0.0,0.707,nan,nan,-1.4009
NW_006804463.1,1,750000,350238,35,3.0,3.0,3.0,0.0,1.0,1.0,0.0,0.5333,0.3556,0.0,0.3535,0.3535,nan,1.3027,0.015
NW_006804464.1,1,750000,361964,30,1.0,1.0,1.0,1.0,0.0,0.0,0.2,0.0,0.0,0.3535,0.0,0.0,-1.1117,nan,nan
NW_006804465.1,1,750000,289952,33,2.0,2.0,2.0,0.0,1.0,1.0,0.0,0.3556,0.3556,0.0,0.3535,0.3535,nan,0.015,0.015
NW_006804466.1,1,750000,376677,36,2.0,2.0,2.0,1.0,1.0,0.0,0.4667,0.2,0.0,0.3535,0.3535,0.0,0.8198,-1.1117,nan
NW_006804466.1,750001,1500000,1106050,34,5.0,5.0,5.0,2.0,1.0,0.0,0.9333,0.2,0.0,0.707,0.3535,0.0,1.033,-1.1117,nan
NW_006804468.1,1,750000,311547,32,3.0,3.0,3.0,1.0,0.0,1.0,0.5333,0.0,0.3556,0.3535,0.0,0.3535,1.3027,nan,0.015
NW_006804472.1,1,750000,383482,34,2.0,2.0,2.0,0.0,0.0,1.0,0.0,0.0,0.2,0.0,0.0,0.3535,nan,nan,-1.1117
NW_006804473.1,1,750000,363024,38,3.0,3.0,3.0,2.0,1.0,0.0,0.5556,0.2,0.0,0.707,0.3535,0.0,-0.691,-1.1117,nan
NW_006804473.1,750001,1500000,1098442,45,2.0,2.0,2.0,0.0,0.0,1.0,0.0,0.0,0.3556,0.0,0.0,0.3535,nan,nan,0.015
NW_006804475.1,1,750000,379454,34,2.0,2.0,2.0,1.0,1.0,0.0,0.2,0.2,0.0,0.3535,0.3535,0.0,-1.1117,-1.1117,nan
NW_006804475.1,750001,1500000,1132768,51,4.0,4.0,4.0,1.0,1.0,2.0,0.3556,0.4667,0.4,0.3535,0.3535,0.707,0.015,0.8198,-1.4009
NW_006804476.1,1,750000,346303,30,3.0,3.0,3.0,1.0,0.0,0.0,0.2,0.0,0.0,0.3535,0.0,0.0,-1.1117,nan,nan
NW_006804477.1,1,750000,303391,33,2.0,2.0,2.0,1.0,0.0,0.0,0.3556,0.0,0.0,0.3535,0.0,0.0,0.015,nan,nan
NW_006804477.1,750001,1500000,1156186,31,3.0,3.0,3.0,0.0,0.0,2.0,0.0,0.0,0.4,0.0,0.0,0.707,nan,nan,-1.4009
NW_006804479.1,750001,1500000,1075789,31,2.0,2.0,2.0,0.0,0.0,0.0,0.0,0.0,0.0,0.0,0.0,0.0,nan,nan,nan
NW_006804482.1,1,750000,406235,36,3.0,3.0,3.0,0.0,1.0,1.0,0.0,0.3556,0.2,0.0,0.3535,0.3535,nan,0.015,-1.1117
NW_006804484.1,750001,1500000,1085160,33,1.0,1.0,1.0,0.0,0.0,0.0,0.0,0.0,0.0,0.0,0.0,0.0,nan,nan,nan
NW_006804485.1,750001,1500000,1017318,34,1.0,1.0,1.0,0.0,0.0,0.0,0.0,0.0,0.0,0.0,0.0,0.0,nan,nan,nan
NW_006804486.1,1,750000,371372,34,3.0,3.0,3.0,1.0,1.0,1.0,0.2,0.5333,0.5333,0.3535,0.3535,0.3535,-1.1117,1.3027,1.3027
NW_006804486.1,750001,1500000,1058038,34,3.0,3.0,3.0,1.0,2.0,0.0,0.4667,0.8889,0.0,0.3535,0.707,0.0,0.8198,0.8302,nan
NW_006804487.1,750001,1500000,1108445,31,1.0,1.0,1.0,0.0,0.0,1.0,0.0,0.0,0.3556,0.0,0.0,0.3535,nan,nan,0.015
NW_006804491.1,750001,1500000,1130279,37,3.0,3.0,3.0,1.0,0.0,1.0,0.2,0.0,0.5556,0.3535,0.0,0.3535,-1.1117,nan,1.4636
NW_006804492.1,1,750000,407008,39,4.0,4.0,4.0,2.0,1.0,1.0,0.5556,0.2,0.2,0.707,0.3535,0.3535,-0.691,-1.1117,-1.1117
NW_006804492.1,750001,1500000,1051025,35,3.0,3.0,3.0,2.0,0.0,0.0,0.6667,0.0,0.0,0.707,0.0,0.0,-0.1839,nan,nan
NW_006804495.1,1,750000,428922,35,3.0,3.0,3.0,0.0,0.0,0.0,0.0,0.0,0.0,0.0,0.0,0.0,nan,nan,nan
NW_006804497.1,1,750000,304008,36,3.0,3.0,3.0,0.0,0.0,0.0,0.0,0.0,0.0,0.0,0.0,0.0,nan,nan,nan
NW_006804497.1,750001,1500000,1107439,31,3.0,3.0,3.0,0.0,0.0,1.0,0.0,0.0,0.3556,0.0,0.0,0.3535,nan,nan,0.015
NW_006804498.1,1,750000,305287,33,1.0,1.0,1.0,0.0,1.0,0.0,0.0,0.5333,0.0,0.0,0.3535,0.0,nan,1.3027,nan
NW_006804498.1,750001,1500000,1197823,46,0.0,0.0,0.0,nan,nan,nan,nan,nan,nan,nan,nan,nan,nan,nan,nan
NW_006804499.1,1,750000,429787,33,6.0,6.0,6.0,1.0,1.0,1.0,0.3556,0.2,0.2,0.3535,0.3535,0.3535,0.015,-1.1117,-1.1117
NW_006804499.1,750001,1500000,1122114,36,1.0,1.0,1.0,1.0,0.0,0.0,0.2,0.0,0.0,0.3535,0.0,0.0,-1.1117,nan,nan
NW_006804500.1,1,750000,333637,37,1.0,1.0,1.0,0.0,0.0,0.0,0.0,0.0,0.0,0.0,0.0,0.0,nan,nan,nan
NW_006804501.1,1,750000,355637,32,6.0,6.0,6.0,4.0,1.0,2.0,0.9556,0.2,0.4,1.4139,0.3535,0.707,-1.2447,-1.1117,-1.4009
NW_006804502.1,750001,1500000,1089424,32,4.0,4.0,4.0,2.0,0.0,1.0,1.0,0.0,0.4667,0.707,0.0,0.3535,1.3372,nan,0.8198
NW_006804503.1,1,750000,391460,37,6.0,6.0,6.0,1.0,1.0,2.0,0.2,0.2,0.4,0.3535,0.3535,0.707,-1.1117,-1.1117,-1.4009
NW_006804505.1,750001,1500000,1049278,34,4.0,4.0,4.0,1.0,2.0,1.0,0.2,0.7333,0.4667,0.3535,0.707,0.3535,-1.1117,0.1203,0.8198
NW_006804506.1,1,750000,344619,37,1.0,1.0,1.0,0.0,0.0,0.0,0.0,0.0,0.0,0.0,0.0,0.0,nan,nan,nan
NW_006804506.1,750001,1500000,1073364,31,3.0,3.0,3.0,2.0,0.0,1.0,0.5556,0.0,0.2,0.707,0.0,0.3535,-0.691,nan,-1.1117
NW_006804507.1,750001,1500000,1124451,32,3.0,3.0,3.0,3.0,0.0,0.0,0.6,0.0,0.0,1.0605,0.0,0.0,-1.5622,nan,nan
NW_006804508.1,1,750000,433454,33,3.0,3.0,3.0,1.0,1.0,0.0,0.3556,0.3556,0.0,0.3535,0.3535,0.0,0.015,0.015,nan
NW_006804509.1,750001,1500000,1114234,31,4.0,4.0,4.0,0.0,1.0,3.0,0.0,0.4667,0.7556,0.0,0.3535,1.0605,nan,0.8198,-1.0345
NW_006804511.1,1,750000,347673,37,2.0,2.0,2.0,1.0,0.0,0.0,0.4667,0.0,0.0,0.3535,0.0,0.0,0.8198,nan,nan
NW_006804511.1,750001,1500000,1052779,36,1.0,1.0,1.0,0.0,1.0,0.0,0.0,0.2,0.0,0.0,0.3535,0.0,nan,-1.1117,nan
NW_006804513.1,1,750000,403018,32,3.0,3.0,3.0,0.0,0.0,1.0,0.0,0.0,0.2,0.0,0.0,0.3535,nan,nan,-1.1117
NW_006804513.1,750001,1500000,1139198,38,2.0,2.0,2.0,0.0,1.0,1.0,0.0,0.2,0.3556,0.0,0.3535,0.3535,nan,-1.1117,0.015
NW_006804514.1,1,750000,375298,35,2.0,2.0,2.0,0.0,0.0,0.0,0.0,0.0,0.0,0.0,0.0,0.0,nan,nan,nan
NW_006804516.1,750001,1500000,1172188,31,1.0,1.0,1.0,1.0,0.0,0.0,0.2,0.0,0.0,0.3535,0.0,0.0,-1.1117,nan,nan
NW_006804518.1,1,750000,308024,36,1.0,1.0,1.0,1.0,0.0,0.0,0.4667,0.0,0.0,0.3535,0.0,0.0,0.8198,nan,nan
NW_006804519.1,1,750000,369915,37,4.0,4.0,4.0,2.0,1.0,1.0,0.7556,0.2,0.2,0.707,0.3535,0.3535,0.2217,-1.1117,-1.1117
NW_006804519.1,750001,1500000,1035050,40,3.0,3.0,3.0,1.0,0.0,0.0,0.5333,0.0,0.0,0.3535,0.0,0.0,1.3027,nan,nan
NW_006804520.1,750001,1500000,1156110,34,2.0,2.0,2.0,1.0,0.0,0.0,0.2,0.0,0.0,0.3535,0.0,0.0,-1.1117,nan,nan
NW_006804521.1,1,750000,392991,34,8.0,8.0,8.0,3.0,3.0,2.0,1.2889,1.2,0.4,1.0605,1.0605,0.707,0.775,0.4734,-1.4009
NW_006804524.1,1,750000,424272,36,1.0,1.0,1.0,0.0,0.0,0.0,0.0,0.0,0.0,0.0,0.0,0.0,nan,nan,nan
NW_006804527.1,1,750000,385367,42,3.0,3.0,3.0,2.0,1.0,1.0,0.5556,0.2,0.4667,0.707,0.3535,0.3535,-0.691,-1.1117,0.8198
NW_006804530.1,1,750000,445584,32,4.0,4.0,4.0,0.0,2.0,1.0,0.0,0.7333,0.3556,0.0,0.707,0.3535,nan,0.1203,0.015
NW_006804531.1,1,750000,295679,35,2.0,2.0,2.0,0.0,0.0,1.0,0.0,0.0,0.3556,0.0,0.0,0.3535,nan,nan,0.015
NW_006804531.1,750001,1500000,1077738,30,3.0,3.0,3.0,1.0,1.0,1.0,0.2,0.2,0.2,0.3535,0.3535,0.3535,-1.1117,-1.1117,-1.1117
NW_006804533.1,750001,1500000,1124970,32,1.0,1.0,1.0,0.0,0.0,0.0,0.0,0.0,0.0,0.0,0.0,0.0,nan,nan,nan
NW_006804534.1,1,750000,435796,31,3.0,3.0,3.0,1.0,0.0,1.0,0.3556,0.0,0.2,0.3535,0.0,0.3535,0.015,nan,-1.1117
NW_006804535.1,1,750000,435283,30,2.0,2.0,2.0,0.0,1.0,1.0,0.0,0.3556,0.2,0.0,0.3535,0.3535,nan,0.015,-1.1117
NW_006804536.1,750001,1500000,1025556,30,1.0,1.0,1.0,0.0,0.0,0.0,0.0,0.0,0.0,0.0,0.0,0.0,nan,nan,nan
NW_006804537.1,1,750000,315086,39,1.0,1.0,1.0,0.0,0.0,0.0,0.0,0.0,0.0,0.0,0.0,0.0,nan,nan,nan
NW_006804545.1,1,750000,435651,37,3.0,3.0,3.0,2.0,2.0,1.0,0.6667,0.5556,0.2,0.707,0.707,0.3535,-0.1839,-0.691,-1.1117
NW_006804545.1,750001,1500000,1010662,31,3.0,3.0,3.0,1.0,1.0,0.0,0.5556,0.5333,0.0,0.3535,0.3535,0.0,1.4636,1.3027,nan
NW_006804547.1,1,750000,382159,33,2.0,2.0,2.0,0.0,0.0,2.0,0.0,0.0,0.4,0.0,0.0,0.707,nan,nan,-1.4009
NW_006804547.1,750001,1500000,1005091,33,2.0,2.0,2.0,0.0,0.0,0.0,0.0,0.0,0.0,0.0,0.0,0.0,nan,nan,nan
NW_006804549.1,1,750000,358816,35,2.0,2.0,2.0,2.0,0.0,1.0,0.4,0.0,0.4667,0.707,0.0,0.3535,-1.4009,nan,0.8198
NW_006804550.1,1,750000,362393,46,2.0,2.0,2.0,1.0,0.0,0.0,0.2,0.0,0.0,0.3535,0.0,0.0,-1.1117,nan,nan
NW_006804551.1,1,750000,468253,39,4.0,4.0,4.0,2.0,2.0,1.0,0.5556,1.0222,0.2,0.707,0.707,0.3535,-0.691,1.4386,-1.1117
NW_006804551.1,750001,1500000,1026667,36,5.0,5.0,5.0,2.0,1.0,2.0,0.8222,0.3556,0.5556,0.707,0.3535,0.707,0.5259,0.015,-0.691
NW_006804553.1,1,750000,366888,35,3.0,3.0,3.0,0.0,1.0,2.0,0.0,0.3556,0.8222,0.0,0.3535,0.707,nan,0.015,0.5259
NW_006804555.1,1,750000,363857,33,1.0,1.0,1.0,1.0,1.0,0.0,0.5556,0.5333,0.0,0.3535,0.3535,0.0,1.4636,1.3027,nan
NW_006804560.1,1,750000,372296,42,3.0,3.0,3.0,1.0,1.0,0.0,0.4667,0.5333,0.0,0.3535,0.3535,0.0,0.8198,1.3027,nan
NW_006804560.1,750001,1500000,1003194,32,8.0,8.0,8.0,2.0,0.0,2.0,1.0,0.0,0.5556,0.707,0.0,0.707,1.3372,nan,-0.691
NW_006804561.1,1,750000,348377,35,3.0,3.0,3.0,1.0,1.0,0.0,0.3556,0.3556,0.0,0.3535,0.3535,0.0,0.015,0.015,nan
NW_006804571.1,1,750000,459616,34,2.0,2.0,2.0,0.0,0.0,1.0,0.0,0.0,0.2,0.0,0.0,0.3535,nan,nan,-1.1117
NW_006804575.1,1,750000,343471,30,2.0,2.0,2.0,2.0,0.0,0.0,0.5556,0.0,0.0,0.707,0.0,0.0,-0.691,nan,nan
NW_006804575.1,750001,1500000,1059808,33,1.0,1.0,1.0,0.0,1.0,0.0,0.0,0.2,0.0,0.0,0.3535,0.0,nan,-1.1117,nan
NW_006804576.1,1,750000,361813,33,0.0,0.0,0.0,nan,nan,nan,nan,nan,nan,nan,nan,nan,nan,nan,nan
NW_006804577.1,1,750000,346215,33,3.0,3.0,3.0,0.0,2.0,0.0,0.0,0.4,0.0,0.0,0.707,0.0,nan,-1.4009,nan
NW_006804581.1,1,750000,380363,35,2.0,2.0,2.0,0.0,1.0,0.0,0.0,0.2,0.0,0.0,0.3535,0.0,nan,-1.1117,nan
NW_006804582.1,1,750000,426447,34,1.0,1.0,1.0,1.0,0.0,0.0,0.5333,0.0,0.0,0.3535,0.0,0.0,1.3027,nan,nan
NW_006804584.1,1,750000,370221,30,4.0,4.0,4.0,1.0,2.0,2.0,0.5556,0.4,0.7111,0.3535,0.707,0.707,1.4636,-1.4009,0.0189
NW_006804586.1,1,750000,421806,40,2.0,2.0,2.0,0.0,0.0,1.0,0.0,0.0,0.2,0.0,0.0,0.3535,nan,nan,-1.1117
NW_006804590.1,1,750000,357437,30,2.0,2.0,2.0,1.0,1.0,0.0,0.5556,0.2,0.0,0.3535,0.3535,0.0,1.4636,-1.1117,nan
NW_006804591.1,1,750000,346788,36,1.0,1.0,1.0,0.0,0.0,0.0,0.0,0.0,0.0,0.0,0.0,0.0,nan,nan,nan
NW_006804592.1,1,750000,356235,50,7.0,7.0,7.0,5.0,4.0,3.0,2.1556,1.5778,1.2222,1.7674,1.4139,1.0605,0.8806,0.4449,0.5488
NW_006804597.1,1,750000,379124,30,3.0,3.0,3.0,0.0,3.0,0.0,0.0,0.9333,0.0,0.0,1.0605,0.0,nan,-0.4313,nan
NW_006804601.1,1,750000,417706,36,3.0,3.0,3.0,0.0,0.0,1.0,0.0,0.0,0.3556,0.0,0.0,0.3535,nan,nan,0.015
NW_006804602.1,1,750000,362128,30,1.0,1.0,1.0,1.0,0.0,0.0,0.5333,0.0,0.0,0.3535,0.0,0.0,1.3027,nan,nan
NW_006804603.1,1,750000,435548,38,3.0,3.0,3.0,1.0,0.0,0.0,0.4667,0.0,0.0,0.3535,0.0,0.0,0.8198,nan,nan
NW_006804608.1,1,750000,423670,43,6.0,6.0,6.0,1.0,1.0,3.0,0.2,0.2,1.0889,0.3535,0.3535,1.0605,-1.1117,-1.1117,0.0965
NW_006804608.1,750001,1500000,962838,30,1.0,1.0,1.0,1.0,1.0,0.0,0.5333,0.2,0.0,0.3535,0.3535,0.0,1.3027,-1.1117,nan
NW_006804610.1,1,750000,377265,35,2.0,2.0,2.0,0.0,0.0,0.0,0.0,0.0,0.0,0.0,0.0,0.0,nan,nan,nan
NW_006804610.1,750001,1500000,962760,34,3.0,3.0,3.0,2.0,0.0,1.0,0.7333,0.0,0.5556,0.707,0.0,0.3535,0.1203,nan,1.4636
NW_006804611.1,1,750000,376204,36,1.0,1.0,1.0,1.0,0.0,0.0,0.5556,0.0,0.0,0.3535,0.0,0.0,1.4636,nan,nan
NW_006804613.1,1,750000,408544,33,2.0,2.0,2.0,0.0,1.0,0.0,0.0,0.2,0.0,0.0,0.3535,0.0,nan,-1.1117,nan
NW_006804617.1,1,750000,383254,41,3.0,3.0,3.0,2.0,0.0,1.0,0.5556,0.0,0.5333,0.707,0.0,0.3535,-0.691,nan,1.3027
NW_006804618.1,1,750000,386295,39,3.0,3.0,3.0,3.0,0.0,0.0,1.0222,0.0,0.0,1.0605,0.0,0.0,-0.1297,nan,nan
NW_006804619.1,1,750000,384680,37,4.0,4.0,4.0,3.0,0.0,2.0,0.7556,0.0,0.4,1.0605,0.0,0.707,-1.0345,nan,-1.4009
NW_006804623.1,1,750000,425132,30,0.0,0.0,0.0,nan,nan,nan,nan,nan,nan,nan,nan,nan,nan,nan,nan
NW_006804624.1,1,750000,325903,30,3.0,3.0,3.0,1.0,0.0,0.0,0.4667,0.0,0.0,0.3535,0.0,0.0,0.8198,nan,nan
NW_006804625.1,1,750000,339516,30,6.0,6.0,6.0,2.0,0.0,2.0,0.7556,0.0,0.4,0.707,0.0,0.707,0.2217,nan,-1.4009
NW_006804627.1,1,750000,360973,35,4.0,4.0,4.0,1.0,2.0,0.0,0.4667,0.4,0.0,0.3535,0.707,0.0,0.8198,-1.4009,nan
NW_006804628.1,1,750000,365363,31,0.0,0.0,0.0,nan,nan,nan,nan,nan,nan,nan,nan,nan,nan,nan,nan
NW_006804630.1,1,750000,362281,33,6.0,6.0,6.0,2.0,0.0,2.0,0.8889,0.0,0.7556,0.707,0.0,0.707,0.8302,nan,0.2217
NW_006804632.1,1,750000,447214,30,3.0,3.0,3.0,2.0,1.0,1.0,0.4,0.4667,0.2,0.707,0.3535,0.3535,-1.4009,0.8198,-1.1117
NW_006804633.1,1,750000,471036,33,2.0,2.0,2.0,1.0,0.0,0.0,0.2,0.0,0.0,0.3535,0.0,0.0,-1.1117,nan,nan
NW_006804635.1,1,750000,395490,31,4.0,4.0,4.0,1.0,2.0,0.0,0.3556,0.4,0.0,0.3535,0.707,0.0,0.015,-1.4009,nan
NW_006804638.1,1,750000,428906,32,3.0,3.0,3.0,2.0,2.0,1.0,0.5556,0.6667,0.5333,0.707,0.707,0.3535,-0.691,-0.1839,1.3027
NW_006804638.1,750001,1500000,967526,30,1.0,1.0,1.0,1.0,0.0,0.0,0.5333,0.0,0.0,0.3535,0.0,0.0,1.3027,nan,nan
NW_006804640.1,1,750000,351429,34,2.0,2.0,2.0,0.0,0.0,1.0,0.0,0.0,0.2,0.0,0.0,0.3535,nan,nan,-1.1117
NW_006804643.1,1,750000,380605,31,2.0,2.0,2.0,1.0,0.0,0.0,0.3556,0.0,0.0,0.3535,0.0,0.0,0.015,nan,nan
NW_006804650.1,1,750000,407384,38,4.0,4.0,4.0,1.0,0.0,1.0,0.2,0.0,0.4667,0.3535,0.0,0.3535,-1.1117,nan,0.8198
NW_006804651.1,1,750000,340631,34,4.0,4.0,4.0,2.0,2.0,1.0,0.7556,0.6667,0.2,0.707,0.707,0.3535,0.2217,-0.1839,-1.1117
NW_006804653.1,1,750000,384571,30,1.0,1.0,1.0,0.0,0.0,0.0,0.0,0.0,0.0,0.0,0.0,0.0,nan,nan,nan
NW_006804654.1,1,750000,375542,34,1.0,1.0,1.0,0.0,0.0,0.0,0.0,0.0,0.0,0.0,0.0,0.0,nan,nan,nan
NW_006804657.1,1,750000,365781,32,1.0,1.0,1.0,1.0,0.0,0.0,0.3556,0.0,0.0,0.3535,0.0,0.0,0.015,nan,nan
NW_006804659.1,1,750000,338194,31,4.0,4.0,4.0,1.0,0.0,0.0,0.2,0.0,0.0,0.3535,0.0,0.0,-1.1117,nan,nan
NW_006804660.1,1,750000,443439,40,1.0,1.0,1.0,0.0,1.0,0.0,0.0,0.2,0.0,0.0,0.3535,0.0,nan,-1.1117,nan
NW_006804661.1,1,750000,361181,40,0.0,0.0,0.0,nan,nan,nan,nan,nan,nan,nan,nan,nan,nan,nan,nan
NW_006804664.1,1,750000,424459,31,3.0,3.0,3.0,0.0,0.0,1.0,0.0,0.0,0.5333,0.0,0.0,0.3535,nan,nan,1.3027
NW_006804666.1,1,750000,292129,34,0.0,0.0,0.0,nan,nan,nan,nan,nan,nan,nan,nan,nan,nan,nan,nan
NW_006804667.1,1,750000,326433,30,2.0,2.0,2.0,0.0,0.0,1.0,0.0,0.0,0.2,0.0,0.0,0.3535,nan,nan,-1.1117
NW_006804669.1,1,750000,313085,38,2.0,2.0,2.0,2.0,0.0,0.0,0.8222,0.0,0.0,0.707,0.0,0.0,0.5259,nan,nan
NW_006804670.1,1,750000,389305,37,2.0,2.0,2.0,1.0,1.0,0.0,0.2,0.2,0.0,0.3535,0.3535,0.0,-1.1117,-1.1117,nan
NW_006804671.1,1,750000,361088,37,3.0,3.0,3.0,1.0,1.0,2.0,0.2,0.4667,0.5556,0.3535,0.3535,0.707,-1.1117,0.8198,-0.691
NW_006804674.1,1,750000,392442,36,3.0,3.0,3.0,1.0,1.0,0.0,0.2,0.2,0.0,0.3535,0.3535,0.0,-1.1117,-1.1117,nan
NW_006804675.1,1,750000,362647,31,3.0,3.0,3.0,0.0,1.0,2.0,0.0,0.2,0.4,0.0,0.3535,0.707,nan,-1.1117,-1.4009
NW_006804687.1,1,750000,351051,31,0.0,0.0,0.0,nan,nan,nan,nan,nan,nan,nan,nan,nan,nan,nan,nan
NW_006804689.1,1,750000,407957,30,3.0,3.0,3.0,1.0,0.0,2.0,0.5333,0.0,0.4,0.3535,0.0,0.707,1.3027,nan,-1.4009
NW_006804690.1,1,750000,366399,44,2.0,2.0,2.0,0.0,0.0,0.0,0.0,0.0,0.0,0.0,0.0,0.0,nan,nan,nan
NW_006804691.1,1,750000,308918,35,6.0,6.0,6.0,4.0,1.0,1.0,1.6667,0.5333,0.2,1.4139,0.3535,0.3535,0.6862,1.3027,-1.1117
NW_006804693.1,1,750000,377442,37,4.0,4.0,4.0,2.0,0.0,3.0,0.8222,0.0,1.0222,0.707,0.0,1.0605,0.5259,nan,-0.1297
NW_006804697.1,1,750000,383604,33,2.0,2.0,2.0,2.0,0.0,0.0,1.0,0.0,0.0,0.707,0.0,0.0,1.3372,nan,nan
NW_006804699.1,1,750000,339607,37,5.0,5.0,5.0,3.0,3.0,1.0,0.9556,0.9333,0.5333,1.0605,1.0605,0.3535,-0.3559,-0.4313,1.3027
NW_006804706.1,1,750000,378808,38,4.0,4.0,4.0,2.0,1.0,2.0,0.6667,0.5333,0.4,0.707,0.3535,0.707,-0.1839,1.3027,-1.4009
NW_006804707.1,1,750000,336905,50,13.0,13.0,13.0,4.0,6.0,3.0,1.4444,2.0667,0.7556,1.4139,2.1209,1.0605,0.0828,-0.1058,-1.0345
NW_006804709.1,1,750000,491099,41,5.0,5.0,5.0,1.0,1.0,0.0,0.3556,0.3556,0.0,0.3535,0.3535,0.0,0.015,0.015,nan
NW_006804711.1,1,750000,349533,33,1.0,1.0,1.0,0.0,1.0,0.0,0.0,0.5333,0.0,0.0,0.3535,0.0,nan,1.3027,nan
NW_006804715.1,1,750000,446974,30,5.0,5.0,5.0,2.0,2.0,1.0,1.1111,0.7333,0.3556,0.707,0.707,0.3535,1.8443,0.1203,0.015
NW_006804717.1,1,750000,408963,36,4.0,4.0,4.0,1.0,1.0,1.0,0.2,0.2,0.2,0.3535,0.3535,0.3535,-1.1117,-1.1117,-1.1117
NW_006804719.1,1,750000,351914,35,3.0,3.0,3.0,1.0,0.0,1.0,0.2,0.0,0.2,0.3535,0.0,0.3535,-1.1117,nan,-1.1117
NW_006804720.1,1,750000,357884,32,2.0,2.0,2.0,0.0,0.0,1.0,0.0,0.0,0.3556,0.0,0.0,0.3535,nan,nan,0.015
NW_006804721.1,1,750000,323376,36,0.0,0.0,0.0,nan,nan,nan,nan,nan,nan,nan,nan,nan,nan,nan,nan
NW_006804724.1,1,750000,379513,31,1.0,1.0,1.0,0.0,0.0,0.0,0.0,0.0,0.0,0.0,0.0,0.0,nan,nan,nan
NW_006804725.1,1,750000,329075,36,3.0,3.0,3.0,1.0,1.0,0.0,0.4667,0.2,0.0,0.3535,0.3535,0.0,0.8198,-1.1117,nan
NW_006804729.1,1,750000,358034,46,3.0,3.0,3.0,1.0,0.0,1.0,0.2,0.0,0.5556,0.3535,0.0,0.3535,-1.1117,nan,1.4636
NW_006804730.1,1,750000,376528,39,3.0,3.0,3.0,1.0,0.0,0.0,0.2,0.0,0.0,0.3535,0.0,0.0,-1.1117,nan,nan
NW_006804731.1,1,750000,360816,35,2.0,2.0,2.0,2.0,0.0,0.0,0.8889,0.0,0.0,0.707,0.0,0.0,0.8302,nan,nan
NW_006804733.1,1,750000,435874,43,1.0,1.0,1.0,0.0,1.0,0.0,0.0,0.2,0.0,0.0,0.3535,0.0,nan,-1.1117,nan
NW_006804735.1,1,750000,340602,33,1.0,1.0,1.0,0.0,0.0,0.0,0.0,0.0,0.0,0.0,0.0,0.0,nan,nan,nan
NW_006804737.1,1,750000,271678,31,2.0,2.0,2.0,0.0,1.0,1.0,0.0,0.2,0.4667,0.0,0.3535,0.3535,nan,-1.1117,0.8198
NW_006804743.1,1,750000,386650,35,4.0,4.0,4.0,0.0,1.0,2.0,0.0,0.3556,0.7556,0.0,0.3535,0.707,nan,0.015,0.2217
NW_006804745.1,1,750000,339735,33,4.0,4.0,4.0,4.0,0.0,0.0,1.3333,0.0,0.0,1.4139,0.0,0.0,-0.2189,nan,nan
NW_006804747.1,1,750000,394325,30,2.0,2.0,2.0,0.0,0.0,0.0,0.0,0.0,0.0,0.0,0.0,0.0,nan,nan,nan
NW_006804752.1,1,750000,351421,37,5.0,5.0,5.0,1.0,1.0,2.0,0.2,0.4667,0.5556,0.3535,0.3535,0.707,-1.1117,0.8198,-0.691
NW_006804757.1,1,750000,398469,33,1.0,1.0,1.0,1.0,0.0,0.0,0.2,0.0,0.0,0.3535,0.0,0.0,-1.1117,nan,nan
NW_006804760.1,1,750000,412513,34,3.0,3.0,3.0,0.0,2.0,0.0,0.0,0.6667,0.0,0.0,0.707,0.0,nan,-0.1839,nan
NW_006804761.1,1,750000,335478,37,3.0,3.0,3.0,1.0,0.0,1.0,0.4667,0.0,0.4667,0.3535,0.0,0.3535,0.8198,nan,0.8198
NW_006804762.1,1,750000,373190,31,1.0,1.0,1.0,1.0,0.0,0.0,0.2,0.0,0.0,0.3535,0.0,0.0,-1.1117,nan,nan
NW_006804765.1,1,750000,365390,37,2.0,2.0,2.0,0.0,1.0,1.0,0.0,0.4667,0.2,0.0,0.3535,0.3535,nan,0.8198,-1.1117
NW_006804766.1,1,750000,466470,31,3.0,3.0,3.0,0.0,0.0,1.0,0.0,0.0,0.2,0.0,0.0,0.3535,nan,nan,-1.1117
NW_006804768.1,1,750000,394790,36,2.0,2.0,2.0,0.0,0.0,1.0,0.0,0.0,0.2,0.0,0.0,0.3535,nan,nan,-1.1117
NW_006804771.1,1,750000,423260,34,3.0,3.0,3.0,0.0,2.0,0.0,0.0,0.4,0.0,0.0,0.707,0.0,nan,-1.4009,nan
NW_006804775.1,1,750000,377032,33,3.0,3.0,3.0,2.0,0.0,0.0,0.5556,0.0,0.0,0.707,0.0,0.0,-0.691,nan,nan
NW_006804777.1,1,750000,323201,33,5.0,5.0,5.0,1.0,1.0,1.0,0.5333,0.2,0.3556,0.3535,0.3535,0.3535,1.3027,-1.1117,0.015
NW_006804778.1,1,750000,352022,31,2.0,2.0,2.0,2.0,0.0,0.0,0.6667,0.0,0.0,0.707,0.0,0.0,-0.1839,nan,nan
NW_006804783.1,1,750000,453540,33,2.0,2.0,2.0,0.0,0.0,0.0,0.0,0.0,0.0,0.0,0.0,0.0,nan,nan,nan
NW_006804788.1,1,750000,358321,30,2.0,2.0,2.0,0.0,0.0,1.0,0.0,0.0,0.2,0.0,0.0,0.3535,nan,nan,-1.1117
NW_006804796.1,1,750000,377668,33,3.0,3.0,3.0,1.0,1.0,1.0,0.2,0.2,0.2,0.3535,0.3535,0.3535,-1.1117,-1.1117,-1.1117
NW_006804802.1,1,750000,407267,33,1.0,1.0,1.0,0.0,0.0,1.0,0.0,0.0,0.2,0.0,0.0,0.3535,nan,nan,-1.1117
NW_006804806.1,1,750000,357662,32,4.0,4.0,4.0,1.0,1.0,1.0,0.3556,0.2,0.2,0.3535,0.3535,0.3535,0.015,-1.1117,-1.1117
NW_006804807.1,1,750000,423349,32,3.0,3.0,3.0,0.0,1.0,1.0,0.0,0.3556,0.2,0.0,0.3535,0.3535,nan,0.015,-1.1117
NW_006804810.1,1,750000,369265,31,3.0,3.0,3.0,0.0,1.0,0.0,0.0,0.2,0.0,0.0,0.3535,0.0,nan,-1.1117,nan
NW_006804811.1,1,750000,386833,34,0.0,0.0,0.0,nan,nan,nan,nan,nan,nan,nan,nan,nan,nan,nan,nan
NW_006804819.1,1,750000,315027,32,3.0,3.0,3.0,2.0,0.0,0.0,0.6667,0.0,0.0,0.707,0.0,0.0,-0.1839,nan,nan
NW_006804821.1,1,750000,299673,39,6.0,6.0,6.0,5.0,0.0,1.0,1.3333,0.0,0.2,1.7674,0.0,0.3535,-0.9848,nan,-1.1117
NW_006804823.1,1,750000,311749,44,2.0,2.0,2.0,1.0,1.0,1.0,0.3556,0.2,0.2,0.3535,0.3535,0.3535,0.015,-1.1117,-1.1117
NW_006804826.1,1,750000,392959,38,4.0,4.0,4.0,1.0,1.0,1.0,0.2,0.4667,0.2,0.3535,0.3535,0.3535,-1.1117,0.8198,-1.1117
NW_006804833.1,1,750000,380925,30,4.0,4.0,4.0,1.0,1.0,3.0,0.2,0.4667,0.6,0.3535,0.3535,1.0605,-1.1117,0.8198,-1.5622
NW_006804834.1,1,750000,327301,31,2.0,2.0,2.0,1.0,0.0,1.0,0.3556,0.0,0.5556,0.3535,0.0,0.3535,0.015,nan,1.4636
NW_006804835.1,1,750000,373945,35,0.0,0.0,0.0,nan,nan,nan,nan,nan,nan,nan,nan,nan,nan,nan,nan
NW_006804845.1,1,750000,269305,33,3.0,3.0,3.0,0.0,2.0,2.0,0.0,0.4,0.8222,0.0,0.707,0.707,nan,-1.4009,0.5259
NW_006804848.1,1,750000,320716,32,2.0,2.0,2.0,1.0,0.0,0.0,0.2,0.0,0.0,0.3535,0.0,0.0,-1.1117,nan,nan
NW_006804854.1,1,750000,405479,36,4.0,4.0,4.0,3.0,1.0,0.0,1.2889,0.2,0.0,1.0605,0.3535,0.0,0.775,-1.1117,nan
NW_006804858.1,1,750000,324620,36,0.0,0.0,0.0,nan,nan,nan,nan,nan,nan,nan,nan,nan,nan,nan,nan
NW_006804861.1,1,750000,297605,33,4.0,4.0,4.0,0.0,1.0,0.0,0.0,0.2,0.0,0.0,0.3535,0.0,nan,-1.1117,nan
NW_006804883.1,1,750000,399765,36,4.0,4.0,4.0,2.0,0.0,0.0,0.8889,0.0,0.0,0.707,0.0,0.0,0.8302,nan,nan
NW_006804893.1,1,750000,322933,37,5.0,5.0,5.0,2.0,3.0,2.0,0.7556,1.2667,0.9111,0.707,1.0605,0.707,0.2217,0.6996,0.9316
NW_006804898.1,1,750000,319754,39,3.0,3.0,3.0,1.0,0.0,0.0,0.2,0.0,0.0,0.3535,0.0,0.0,-1.1117,nan,nan
NW_006804903.1,1,750000,271599,31,1.0,1.0,1.0,0.0,0.0,0.0,0.0,0.0,0.0,0.0,0.0,0.0,nan,nan,nan
NW_006804914.1,1,750000,347194,35,5.0,5.0,5.0,2.0,1.0,2.0,0.4,0.3556,0.5556,0.707,0.3535,0.707,-1.4009,0.015,-0.691
NW_006804916.1,1,750000,285127,31,5.0,5.0,5.0,2.0,0.0,3.0,0.4,0.0,1.0889,0.707,0.0,1.0605,-1.4009,nan,0.0965
NW_006804921.1,1,750000,287706,30,2.0,2.0,2.0,1.0,1.0,1.0,0.2,0.5333,0.4667,0.3535,0.3535,0.3535,-1.1117,1.3027,0.8198
NW_006804959.1,1,750000,235047,35,8.0,8.0,8.0,2.0,2.0,0.0,0.8222,0.5556,0.0,0.707,0.707,0.0,0.5259,-0.691,nan
NW_006804970.1,1,750000,264421,31,1.0,1.0,1.0,0.0,0.0,0.0,0.0,0.0,0.0,0.0,0.0,0.0,nan,nan,nan
NW_006805017.1,1,750000,170362,32,2.0,2.0,2.0,2.0,0.0,0.0,1.0,0.0,0.0,0.707,0.0,0.0,1.3372,nan,nan
NW_006805042.1,1,750000,250011,31,10.0,10.0,10.0,5.0,5.0,8.0,2.5778,2.3111,3.9556,1.7674,1.7674,2.8279,1.8385,1.2335,1.7204
